99
42
13
96
84
3
99
95
6
79
51
86
65
56
86
34
36
71
18
76
75
75
95
45
60
87
73
91
76
41
66
36
81
80
77
88
43
37
82
27
74
46
38
88
95
88
72
90
69
87
50
98
72
80
58
30
81
99
36
13
36
3
45
84
37
75
50
5
55
78
51
38
72
71
27
48
67
36
33
82
83
25
26
58
60
38
13
44
44
13
56
67
80
97
36
33
94
41
57
14
59
1
89
60
26
45
27
77
91
19
44
86
43
33
76
37
69
60
27
67
22
91
96
33
86
22
12
24
42
72
72
11
51
47
96
77
81
20
60
4
77
13
49
90
21
12
41
58
9
75
53
67
23
76
4
22
44
68
0
93
63
27
32
29
39
12
77
12
49
44
87
68
72
32
13
61
20
84
66
50
75
18
38
96
71
21
31
94
78
84
1
44
95
94
58
27
84
91
40
3
37
97
28
17
57
66
16
73
54
87
57
47
39
70
47
41
65
64
87
85
54
69
74
33
94
1
28
53
29
25
44
72
51
56
72
72
18
84
1
4
21
80
84
32
22
27
67
80
34
18
15
8
50
68
84
4
66
1
28
84
70
42
26
85
93
15
61
56
1
85
97
7
26
75
77
10
83
52
35
83
54
4
59
55
69
97
43
81
93
37
36
68
76
41
69
36
8
32
53
90
74
98
7
51
9
44
54
15
42
83
35
59
9
29
87
77
80
27
2
23
12
52
82
72
30
99
98
87
75
26
62
77
63
11
68
70
73
43
29
7
96
49
18
76
75
93
7
90
53
51
73
36
55
84
4
20
40
44
32
88
88
49
57
41
26
71
11
5
99
57
68
49
83
53
4
3
51
68
7
22
62
41
73
26
2
24
80
84
62
7
36
84
33
21
39
87
70
79
17
92
43
17
41
29
2
61
6
18
2
54
63
2
99
68
98
39
52
32
89
17
85
57
9
15
7
86
50
91
76
7
13
83
37
90
70
0
94
14
12
70
48
16
31
94
34
85
83
81
43
77
62
39
88
89
52
5
38
61
0
63
62
90
4
77
85
38
18
29
13
39
9
94
73
40
75
73
65
32
88
9
57
1
65
65
7
21
72
21
38
37
40
57
42
13
57
96
78
0
88
9
65
73
78
4
24
88
39
87
35
60
70
23
15
90
57
91
87
14
90
17
10
50
17
85
96
68
77
34
86
45
94
67
41
72
54
71
43
3
95
65
92
78
17
27
0
7
97
18
55
27
1
0
91
12
85
30
62
46
59
81
7
39
51
59
2
39
13
18
20
9
19
66
49
98
88
29
85
68
19
77
71
42
6
97
93
23
35
76
6
60
12
15
29
52
39
50
18
7
93
99
31
35
79
70
1
27
12
9
27
53
42
52
83
8
5
22
40
67
30
84
11
38
92
9
82
66
90
19
76
56
67
0
78
15
80
62
48
54
72
51
72
94
70
8
4
20
41
97
47
17
16
65
33
71
54
20
76
67
83
10
60
53
62
10
15
62
44
45
39
19
77
62
72
64
27
48
97
4
18
3
87
99
88
75
37
64
34
26
24
46
24
72
71
55
92
34
8
85
68
72
9
89
10
24
21
13
5
89
34
9
70
80
13
83
78
51
54
85
26
12
78
44
44
73
64
70
5
14
83
55
96
34
54
13
44
75
41
91
28
26
28
30
46
52
10
32
97
44
52
41
47
50
50
31
55
95
75
73
26
35
88
84
93
28
22
43
3
29
49
53
64
39
50
45
8
63
17
14
55
83
92
33
3
7
91
8
89
97
60
57
2
61
13
48
13
25
62
10
2
68
65
35
45
9
56
55
84
13
48
37
31
67
40
88
42
81
74
76
58
12
36
65
82
35
4
16
74
73
93
39
5
69
0
41
7
72
34
51
33
30
65
94
17
17
23
80
99
51
19
62
78
82
74
15
22
67
6
30
90
5
7
13
25
32
52
24
26
82
13
10
84
94
34
15
25
44
26
26
27
84
26
6
61
87
90
1
5
44
83
88
39
8
20
77
97
53
59
98
66
57
92
64
60
8
27
2
3
56
50
17
49
38
95
16
92
33
5
3
87
5
27
85
59
30
89
31
39
20
22
45
35
85
75
36
50
26
38
18
19
82
8
23
2
7
69
0
61
67
86
58
81
68
93
88
4
84
81
71
24
5
85
28
45
69
38
71
45
90
49
83
13
33
56
33
33
64
53
15
73
78
13
34
39
47
70
52
4
22
8
20
10
68
83
67
96
37
94
61
86
81
