19
149
55
139
48
147
41
33
38
65
181
74
110
178
13
188
197
23
1
68
70
3
69
41
195
186
172
94
39
164
12
82
34
137
104
148
96
129
169
172
144
62
14
165
18
16
73
40
64
76
157
24
83
78
93
152
167
79
160
44
13
178
197
113
97
196
153
91
160
183
152
74
109
120
162
81
94
79
47
123
27
10
85
25
44
50
133
28
137
168
126
156
103
196
89
24
153
30
164
95
63
69
132
85
69
98
121
6
153
14
125
128
17
143
174
102
150
84
190
122
33
126
74
14
70
183
153
80
145
32
3
190
178
48
34
183
50
152
156
119
112
51
77
197
16
118
36
57
3
189
126
64
100
141
181
179
67
119
146
94
18
151
165
131
27
15
104
72
78
92
60
19
82
85
63
136
195
165
139
158
70
52
20
99
5
78
115
2
44
73
104
171
2
12
45
144
180
171
139
192
61
126
47
188
98
49
147
127
186
170
194
90
102
143
138
45
106
40
9
200
99
53
136
61
185
127
126
63
78
170
148
105
122
21
46
137
50
83
34
199
171
45
170
131
82
180
124
98
163
54
26
172
3
125
58
41
160
53
60
128
56
63
200
147
117
46
108
92
52
135
162
98
200
117
79
146
66
127
17
157
106
155
75
122
114
171
1
149
129
138
64
102
95
60
193
64
99
27
175
127
158
158
117
168
168
147
167
2
169
161
136
103
116
45
175
88
154
65
94
91
13
10
68
173
162
41
120
10
117
193
63
167
16
194
53
75
79
39
30
0
153
50
178
45
90
3
20
58
48
140
121
18
21
15
158
38
97
137
9
175
66
178
97
1
134
50
39
154
120
73
151
136
171
23
50
16
125
117
43
101
165
61
13
167
133
194
93
176
23
55
102
28
110
67
17
16
10
10
105
181
165
115
91
8
155
37
161
197
2
116
173
139
107
99
10
110
188
198
157
133
161
82
108
150
67
48
193
136
189
46
63
83
45
170
162
183
57
134
188
173
21
179
44
127
172
165
152
189
139
111
84
19
112
126
51
112
168
1
142
73
183
155
190
76
101
147
159
187
85
9
14
87
84
38
9
78
108
30
93
44
52
151
169
112
101
86
92
159
166
57
173
107
61
50
176
70
39
81
111
52
153
109
135
167
97
116
142
48
185
125
152
133
41
170
54
108
33
160
188
83
30
130
127
57
69
82
26
120
81
54
104
164
109
85
185
190
8
45
39
7
56
105
127
191
129
200
150
91
61
82
29
149
92
75
35
86
194
58
0
145
19
28
58
184
139
142
188
41
162
81
83
30
55
107
200
130
149
188
180
107
121
56
172
173
12
22
192
56
74
95
38
28
53
30
43
92
48
83
171
146
147
56
88
118
164
129
49
93
34
74
11
41
18
199
132
31
61
133
180
152
59
113
171
1
91
43
140
47
109
45
111
195
54
154
3
191
118
80
120
25
31
20
110
106
98
194
189
44
119
79
15
68
51
21
134
150
187
105
185
19
146
195
86
148
186
186
61
165
44
170
30
166
10
166
135
186
101
162
148
30
39
153
197
159
155
100
54
3
75
11
21
91
136
100
113
88
16
200
29
192
129
112
144
152
97
149
95
35
105
172
54
25
27
43
71
51
157
2
143
154
160
125
127
76
191
169
90
86
111
179
52
140
116
23
189
143
5
147
7
146
114
181
23
44
85
192
156
172
60
73
56
151
141
189
200
113
107
119
127
180
40
114
54
36
133
179
175
12
36
82
17
152
126
164
71
43
25
170
78
140
110
36
20
30
198
148
123
72
3
3
77
57
4
134
126
200
113
13
173
98
177
2
160
9
138
23
165
21
46
84
117
166
156
135
23
66
111
172
80
37
69
77
9
159
112
2
175
132
27
189
131
182
74
69
145
178
196
35
160
137
74
57
66
75
69
1
61
107
134
93
59
57
197
160
82
134
152
70
109
159
18
42
106
121
98
177
76
155
126
122
174
148
72
70
98
82
49
129
13
35
19
33
105
110
85
47
101
3
31
196
86
66
101
165
139
162
187
127
44
169
5
173
191
23
118
150
200
41
68
122
121
119
177
160
98
198
26
23
141
48
9
70
144
199
153
105
35
158
180
182
59
88
25
80
93
140
87
111
7
50
124
97
83
68
94
70
52
150
4
105
43
188
87
64
195
144
180
145
147
109
179
26
0
23
79
179
37
177
69
140
67
174
117
11
14
52
91
57
74
107
181
99
25
190
146
125
55
83
23
69
3
169
56
10
111
99
5
150
156
62
27
87
39
75
42
148
176
114
187
112
44
16
45
191
20
68
147
198
38
134
184
188
48
115
178
44
56
23
54
26
40
170
99
95
83
69
59
120
158
141
94
94
114
200
158
95
79
164
79
96
130
143
194
65
177
140
82
177
178
122
99
15
61
1
38
197
181
179
166
90
138
45
131
199
169
142
191
136
150
115
160
49
24
187
153
147
18
106
131
29
163
174
33
173
126
84
43
138
197
167
5
150
41
33
161
135
12
198
174
89
172
158
40
195
54
166
161
90
35
166
96
157
54
111
58
41
103
99
187
23
177
65
184
124
132
51
149
110
61
70
193
106
145
120
117
44
22
156
124
155
58
154
30
123
136
165
197
194
52
73
120
193
175
189
62
28
48
162
94
65
120
155
74
47
15
33
142
162
25
3
194
177
134
88
33
196
200
133
17
188
14
53
187
112
122
88
8
151
23
46
80
69
154
112
195
99
86
7
187
145
32
34
36
70
114
197
184
104
189
89
170
25
104
194
160
147
33
142
185
95
99
90
3
20
50
195
162
1
143
112
12
24
10
43
138
63
111
49
172
28
174
14
29
179
20
179
83
58
95
35
132
88
125
39
18
48
80
64
67
59
156
65
195
29
48
159
83
91
191
174
108
35
160
24
163
64
55
0
196
20
192
133
143
106
102
104
156
180
139
56
181
105
198
42
41
53
29
85
77
143
177
112
73
10
23
110
49
91
13
132
1
114
172
129
190
107
156
114
13
46
98
136
96
108
34
182
82
91
0
167
36
67
97
176
87
77
70
182
69
44
44
150
74
48
138
49
137
192
114
133
174
66
177
55
175
131
187
14
88
187
45
187
17
64
98
84
41
65
91
75
197
55
28
0
110
149
43
30
48
67
7
23
32
117
77
94
94
28
11
46
18
39
200
26
181
98
38
101
31
17
129
8
122
5
66
19
167
131
0
196
43
84
22
169
61
20
95
9
194
149
99
200
100
122
170
121
23
96
58
111
51
41
86
156
65
61
140
145
43
32
47
114
194
132
133
198
84
177
88
65
122
121
103
120
78
68
148
170
59
168
179
82
158
5
161
63
123
146
165
83
153
38
187
150
10
157
132
160
32
119
20
172
177
104
178
40
101
161
127
92
69
6
122
31
177
127
159
192
7
138
67
66
86
117
65
102
88
134
139
13
112
55
116
2
115
65
144
156
80
140
63
94
134
62
15
168
135
5
192
45
72
119
2
113
63
136
137
128
122
171
114
6
156
28
139
79
85
168
18
162
82
21
35
120
7
103
15
90
142
91
48
128
175
135
95
130
128
200
73
161
141
56
192
25
87
25
130
119
186
97
26
195
191
25
160
176
105
138
15
69
84
60
199
140
172
108
28
176
133
165
188
9
169
192
174
130
163
149
24
14
106
40
16
194
112
66
45
181
145
87
120
122
180
69
84
194
18
173
100
49
68
28
171
57
187
25
141
161
130
185
68
24
27
100
65
12
87
110
153
92
98
109
60
126
42
66
72
28
182
51
123
4
121
139
192
32
189
11
75
139
15
36
75
182
117
73
185
51
7
135
48
113
87
22
22
135
4
27
8
89
63
55
151
136
93
135
3
35
181
21
0
177
177
5
180
133
183
155
117
137
184
14
62
62
56
142
163
121
198
61
87
106
45
34
195
183
90
156
165
192
168
188
132
80
36
33
22
85
11
155
132
182
17
47
88
89
182
106
39
124
197
27
156
138
32
141
111
13
114
126
66
200
1
194
196
77
74
194
140
80
78
153
115
26
125
21
139
94
102
115
84
124
123
128
196
14
125
199
40
127
146
66
180
160
48
94
157
26
7
53
138
33
85
152
154
125
67
13
93
44
194
166
139
28
101
63
142
49
139
182
157
136
112
78
53
156
75
142
68
99
178
64
166
151
19
77
67
107
133
174
149
147
61
94
127
128
34
7
170
140
99
55
124
155
149
157
133
57
107
33
177
49
173
192
118
1
42
171
186
81
119
6
167
19
129
12
41
115
133
2
73
47
192
170
10
83
153
165
81
27
200
64
0
2
61
172
151
174
198
137
15
24
74
25
71
109
41
12
177
122
106
171
116
116
125
17
62
41
125
100
170
153
188
60
111
189
108
40
18
196
3
26
166
98
138
54
91
170
21
104
66
171
107
194
166
10
162
49
134
49
56
121
171
126
41
159
93
32
199
12
116
124
110
73
154
12
37
112
58
182
132
173
17
153
99
11
3
200
157
142
176
7
49
109
123
6
6
173
156
145
