1
37
44
66
27
47
6
74
71
79
48
14
26
16
19
66
39
59
2
42
22
31
20
6
46
96
34
14
24
57
92
75
9
75
9
93
42
21
54
30
70
42
20
80
70
74
14
31
94
97
13
38
29
72
11
72
21
41
83
51
97
76
64
89
12
61
26
99
95
18
1
19
83
70
56
85
9
66
94
94
27
59
13
78
23
77
84
1
80
5
3
16
73
31
34
98
15
66
10
58
40
80
21
12
89
78
5
68
84
93
31
2
6
96
38
33
76
38
55
99
54
27
61
7
93
11
82
26
91
95
1
18
61
37
0
25
0
38
58
98
25
59
16
39
7
61
97
24
83
35
87
75
51
95
10
10
57
36
38
37
74
43
64
12
75
63
31
78
44
23
27
83
80
60
59
97
10
33
32
54
37
67
94
62
7
5
33
97
80
13
56
55
54
42
30
64
57
39
53
79
77
56
32
59
96
35
54
73
54
37
61
77
33
96
82
87
98
26
26
33
50
52
77
49
81
65
71
58
68
65
24
96
79
26
58
97
18
42
42
13
25
23
28
71
36
5
99
42
45
82
41
26
40
80
69
45
40
43
12
13
40
93
42
18
31
60
64
5
53
24
3
35
74
2
95
76
77
77
87
47
10
80
27
24
2
8
52
65
28
56
79
50
48
55
36
40
79
43
34
25
30
72
92
18
37
75
84
89
41
9
20
14
42
12
78
34
27
98
5
60
75
33
26
0
20
7
61
42
28
50
68
23
36
71
95
42
42
85
62
2
7
22
67
48
17
70
81
93
99
36
5
38
23
82
97
53
69
16
27
48
26
85
3
0
64
78
38
11
94
45
78
59
24
6
24
51
23
52
73
13
39
87
36
8
3
13
78
54
7
32
60
10
65
29
46
27
54
47
74
78
67
6
43
59
75
38
79
77
89
47
92
73
11
31
94
64
18
5
31
46
29
33
97
44
86
17
74
53
64
43
50
37
66
40
9
23
41
98
44
73
65
81
1
38
62
76
75
88
78
67
11
95
56
53
42
31
95
81
93
38
45
42
68
86
3
20
0
6
66
37
74
19
88
97
28
71
29
82
74
30
70
33
63
10
19
54
27
17
37
30
33
61
75
64
38
0
78
57
29
29
