1181
1739
919
1350
1385
2977
218
804
405
425
2505
89
507
952
335
1443
438
1002
1989
1955
373
1564
2820
480
2707
1221
1606
815
890
1863
1002
1137
520
2416
774
2881
2914
184
2222
992
118
2958
418
1735
1141
2147
2446
2209
1116
2979
1484
2842
1075
2763
2068
2815
2022
1995
2203
2771
1938
786
1617
956
426
1944
516
1688
2543
973
330
767
510
515
1180
1726
1435
1218
2311
2565
1867
2208
356
478
263
1770
1022
114
396
2892
619
2402
368
2753
196
2455
2607
608
2183
638
1563
2051
1900
475
658
1685
668
1433
161
551
2309
412
358
2718
2698
1091
748
2021
2439
157
1704
675
2171
567
352
1649
238
2079
778
386
2649
2720
2474
231
2685
2154
1982
30
1308
685
1572
1446
668
546
2963
1202
2290
854
2294
1192
1411
1932
109
2996
493
2078
102
285
1636
2024
2737
1932
1296
1993
273
1621
2140
518
261
2716
2241
1325
1423
133
2105
115
748
407
2920
786
1178
710
5
59
1360
2251
2798
980
2246
1723
1857
414
2134
881
903
613
386
1160
1738
508
2205
802
2536
2845
2862
2670
952
1555
2182
2889
440
364
1659
2635
2201
661
1677
781
2083
332
1573
164
1642
908
2806
1325
914
1121
83
1293
94
1009
1280
163
2083
1546
2893
1581
1524
37
261
2948
2623
1583
2485
2181
2356
2992
799
1124
2182
1562
966
2311
2330
2936
212
380
2636
448
584
2208
929
7
1915
2718
32
1527
2537
1744
569
1583
1644
2700
1231
1079
252
2006
2834
631
684
862
1612
2027
1710
470
1702
597
782
507
1515
1191
1883
1581
2658
2818
2610
2564
785
985
2029
2169
1308
1571
2385
1094
1117
2593
1317
1691
1702
845
782
158
74
2730
983
2942
857
2246
1366
2796
170
1841
930
1703
1523
1976
600
2858
411
2339
1365
396
1905
2199
1494
2116
1014
2304
283
2263
597
2991
306
1352
626
956
263
2050
2200
2808
1137
845
1789
2858
568
2818
1768
604
2899
645
2155
2241
534
2726
2123
405
104
1244
1164
1049
1266
2159
1706
1961
2556
792
2586
300
1321
2799
1519
2008
1115
425
2064
1423
2594
2084
358
1978
2589
2488
2116
1544
2979
1651
2583
1859
2987
1673
2541
167
2031
1871
1809
967
823
1658
2092
135
2002
1881
1169
2328
671
540
1535
1139
1706
1495
2553
1461
2795
2415
865
1147
1976
943
2976
467
738
2791
603
2526
2733
730
312
2430
584
2955
1398
7
261
2956
2890
1357
1427
2242
2182
2827
1334
976
1980
2683
2384
1422
1456
2271
777
2293
2403
1778
1434
954
1348
2827
1520
1693
1512
2903
691
2621
2179
771
1502
635
1247
1987
1065
2831
425
562
1762
2194
1971
790
1978
937
195
2143
315
1682
259
2724
2175
1687
138
1433
2756
1356
2816
1057
2020
2406
1398
2813
1881
1274
644
2166
2486
1744
1612
2044
72
1242
155
2835
2579
1844
168
1871
729
2522
837
605
2709
776
1699
2189
2566
1394
2938
687
1767
2137
1533
2441
1035
2751
1204
2858
2638
1895
27
1270
694
2284
1440
591
696
2004
42
2324
2399
936
996
952
760
611
1497
58
761
2588
1162
2781
1087
2826
2363
2651
1703
116
1339
683
740
2234
1034
1291
703
475
773
956
957
203
2284
545
1562
1593
2733
987
2955
707
2794
45
1217
2974
2669
2326
1905
934
235
2824
313
2293
422
1580
317
228
2037
760
2303
1740
1887
1743
2805
2143
2652
291
965
728
1764
1065
2291
1772
2336
2640
859
2579
430
464
841
2223
1363
1563
1349
2120
2609
2915
1141
729
224
2136
1491
691
705
532
1342
2851
1565
1229
276
2538
2932
2661
1732
2666
241
258
2921
1344
2178
1437
2475
2259
606
2465
608
1551
2951
1026
1576
1069
2183
2048
2302
2123
311
1126
890
947
811
1723
659
2947
705
645
978
489
2872
2836
1530
105
1125
2482
2027
1660
32
1973
365
2734
2365
391
2130
1421
303
2243
2652
2585
1711
2787
1766
2764
1138
1986
1271
1447
256
1435
2200
678
2089
1380
2903
1633
1626
459
1316
184
1277
628
2433
2547
2406
1284
1574
555
282
933
2594
1760
907
486
126
424
878
1405
2867
1313
981
508
484
2523
2367
2318
1286
1333
77
2700
2603
1730
793
2585
646
1176
1567
182
993
2757
1301
2970
2683
406
1127
754
901
301
1107
833
2979
2598
2251
1324
624
2294
2416
661
2097
1641
1867
2913
1484
2062
1768
232
1370
1985
2956
73
1975
1134
669
2640
59
197
1552
1613
576
1446
2668
2921
1556
793
2662
2063
1537
186
1887
1413
2287
728
2208
1174
539
2457
1598
2838
192
1780
2143
673
2324
2434
348
648
766
2681
2409
625
699
2159
719
2602
816
1567
2643
137
1898
875
1952
2187
2001
2615
2671
1679
331
765
2551
534
1637
2531
2991
1738
2859
373
2319
1664
1713
2015
1759
1091
234
460
263
1910
1629
1636
894
2990
2153
1845
959
1826
125
2993
605
64
1105
1352
1335
2685
11
2378
2342
2520
1498
1595
3
2643
167
2915
1941
2775
2945
1009
1857
828
1343
891
906
546
2176
1077
1784
423
838
1588
2605
1948
2481
2613
2746
2238
2384
1222
1640
191
363
2609
1218
534
2372
2761
1880
657
2379
2338
359
1534
1896
2722
1076
1833
2180
101
855
1156
1208
97
1516
1401
2551
1088
2684
869
2288
1643
1178
2594
2123
1001
618
2756
2868
1548
2940
517
1125
1108
262
2256
334
2346
1247
254
160
2067
2096
1768
936
919
1133
1569
2735
1029
193
703
493
1285
2912
79
1173
2633
1653
778
1580
2825
988
1415
611
2098
2602
2606
1597
1122
1496
1447
2642
930
2671
2149
1593
96
549
530
2516
320
1109
175
1925
1231
1205
2304
935
2756
553
2579
2551
123
2253
1187
105
1279
1207
1141
471
1436
51
2726
1260
2542
112
327
311
457
975
1118
107
1462
2196
1826
2995
1070
1733
2906
1291
2110
1296
1915
2801
2544
2610
429
2627
922
121
536
2954
1812
1634
2472
2699
2275
2839
2626
2967
2926
1136
2754
1880
297
2538
2531
76
2894
1838
1530
662
300
1600
1359
2887
1369
1439
16
2876
940
1012
1636
1937
848
228
1345
2411
1950
1712
2643
2163
18
324
826
1375
1047
12
774
1986
1986
273
1730
2644
2792
2139
1250
2820
1077
2025
1354
2721
1818
1333
2636
416
818
675
958
1632
2369
383
2622
1713
1513
613
898
2003
2211
1772
488
619
2503
2300
63
2504
608
2135
2721
804
1246
2228
2805
2702
1961
774
917
2284
1414
2003
561
1701
1794
1736
2589
805
17
1378
1126
1234
2409
2711
2100
1339
968
1395
1693
1728
2110
2639
631
1164
865
1883
2207
447
1299
644
882
1736
1450
1929
1246
216
204
903
1191
833
284
2861
74
102
2869
1394
1095
2164
2338
777
368
1526
2712
2367
1168
1958
1905
291
1914
2695
1462
2356
983
96
40
681
2515
2075
1739
185
277
1219
959
794
2401
2259
1260
903
2188
1324
881
619
603
751
1217
1234
2177
976
2979
2671
1579
2939
1085
1496
2105
1144
1516
230
1243
2530
1563
2656
1253
70
1797
503
529
2719
1576
2707
2200
2294
2993
2829
2492
310
2429
2254
1333
2766
1803
116
2110
1783
204
1997
779
1733
948
2844
482
2427
1624
1753
1475
407
2115
1045
2708
356
559
2363
1950
2558
2813
1993
646
1745
401
2614
2160
1506
2573
2102
2119
1751
2791
2424
2874
1146
202
1528
2659
920
1838
713
2697
2008
2485
2370
184
112
1628
2417
258
1209
1721
70
1356
1362
2295
934
1839
402
2484
1904
90
2815
2611
2891
2353
635
2674
2062
1852
2374
394
2042
342
935
2782
2634
351
836
1995
691
1801
154
763
174
1836
1478
597
2354
854
2321
2236
2518
1386
1298
2162
1036
1156
1221
2042
57
159
2865
1071
1273
691
2728
1004
1936
598
1951
1128
1035
2998
2629
2877
2413
2488
105
2174
2574
1136
2012
2035
1077
445
2757
1522
149
856
1019
2788
1614
2505
397
1457
1379
2318
405
1320
633
73
340
23
7
421
375
948
528
2445
2854
390
765
641
213
2683
2696
2046
2924
342
1252
2784
2849
868
2160
2542
1117
700
2890
851
724
2609
1600
2444
1646
1549
2553
2811
2779
195
1923
1839
51
1073
1861
2534
1882
1176
2540
1360
811
1858
2556
585
1764
2519
1668
274
1615
2268
2500
1740
768
809
1778
2219
90
2116
2487
2963
1725
2015
2449
394
2594
2643
2009
690
831
1280
2077
2897
173
1818
1400
1534
2630
1777
2573
193
2861
77
2659
2192
2742
1924
186
890
756
1370
1860
2298
1001
2940
2582
1346
2624
1521
981
1513
1422
949
2366
2459
2543
1843
2174
395
693
2846
1368
1431
1107
220
197
848
616
1744
533
2045
696
34
2883
1283
836
1637
1463
1443
2104
1269
1470
184
221
203
1204
2355
269
279
929
2525
836
1545
2432
1960
911
284
564
2770
1812
2143
1870
2600
2785
2168
290
371
920
15
568
2513
1504
2557
1798
642
2215
1032
986
1621
827
2732
2460
2327
176
295
1706
2384
1571
2512
2822
2578
790
2925
2898
1998
2876
841
588
1381
2860
1438
1836
463
2042
2500
930
2876
1584
2502
2260
1493
325
381
2789
14
1060
2659
2138
2962
1645
2390
1958
1347
2672
2376
2797
2941
1941
2431
2573
325
1641
397
248
2907
2275
1638
1134
945
933
1497
1296
2655
798
974
1103
2141
284
1019
731
932
2111
1698
1111
801
1784
2978
1410
263
1032
1352
2625
2752
2293
1761
151
1807
1359
1071
886
2493
2289
1719
2447
807
1939
2371
2510
1672
2884
1672
1369
1000
1837
2822
2671
369
1569
2919
1421
513
232
2582
1851
1233
2971
2014
630
161
2
1748
2542
757
2696
2010
2080
289
1320
408
1902
412
2625
1257
481
548
2477
2839
2217
1182
1423
1412
1771
2863
1611
2735
1481
596
1655
1479
2680
1995
335
2911
547
1413
743
2838
1396
1672
2937
1794
1163
1260
118
2352
2535
2298
1417
610
1209
2348
2503
1781
2064
829
1163
46
454
726
1206
593
778
1698
1883
2534
2759
1919
2569
1457
178
1778
713
1251
2544
2949
511
1938
1134
2751
1222
1882
298
648
204
678
2271
2327
2037
671
2446
107
267
1584
2255
370
1746
2020
559
2593
1402
1676
1612
993
1734
233
259
2378
1529
506
722
2271
2368
1931
2202
669
1266
1882
724
1721
708
967
1797
510
2122
2831
900
1207
2528
893
1888
343
150
1566
142
2906
450
1175
2607
2064
431
2373
1409
1158
1171
633
2788
2072
2494
1934
2053
23
1310
1536
743
499
2511
2171
2348
1205
1536
165
2300
724
1002
705
2117
1834
1601
785
1488
2610
2605
2775
1452
1856
1010
2128
1076
2956
802
2998
459
1437
1317
96
624
486
2639
2768
2476
2488
1672
2224
2200
1900
489
1066
2988
1123
1353
707
2098
108
391
2684
2241
145
2098
1197
806
1862
1589
1445
2596
1942
814
2330
1804
1716
2197
1449
1880
2476
1994
2995
17
2388
95
2917
1720
1186
2676
2738
898
2451
818
2111
212
2044
135
482
566
2833
720
2784
372
2576
1285
2930
1031
2337
2933
611
523
508
2571
897
329
1703
2200
533
2805
475
1120
2544
1690
274
2401
2964
2256
2015
2325
2597
192
225
145
1714
1166
1861
1333
2444
2285
2400
532
1362
65
958
1006
909
1646
1330
2513
1527
430
1482
1119
1811
1695
1981
560
801
2146
796
759
593
2968
2579
1882
1953
1815
1475
820
476
2290
2061
1333
2401
303
1372
1305
677
538
1759
2261
2910
199
2867
2341
1422
1789
1009
155
2184
374
1137
1275
1034
2506
234
170
2758
1467
60
684
1063
2051
2004
1420
957
2049
420
2414
2588
2427
1093
264
2607
2357
481
2816
1069
2608
265
879
2534
1598
2400
1731
2196
2130
67
2098
1416
2852
445
1834
215
1698
2898
2901
1065
2714
2848
2994
1375
908
2950
191
350
676
2762
1906
1956
2596
2882
1583
1582
105
582
892
2923
2532
1856
1760
2121
1617
1490
1665
1346
1420
2651
501
594
983
2781
1385
504
248
166
341
671
2495
664
1368
576
270
1199
592
2429
2681
95
305
2260
228
832
1775
582
1988
1743
1999
1747
2461
2586
399
444
1763
567
2278
37
2021
1689
726
2445
555
673
2198
1283
1240
173
2764
2687
2634
2551
968
2034
1398
2253
1027
2210
1633
80
2110
766
1330
2419
2327
1843
779
946
1646
2161
142
2796
1327
1125
2499
1943
2560
2835
2639
1439
1193
2039
401
74
1987
216
1879
1651
841
2082
213
745
1955
2519
485
803
1914
226
1538
2082
246
1767
1270
2731
1586
650
1228
687
1913
2482
2416
2377
594
2242
2290
1724
1791
644
2665
1630
1364
2898
2876
1781
2658
411
51
2669
1635
750
1365
139
335
2837
691
256
2733
1329
2401
1525
2518
678
1917
1720
1388
612
0
577
2224
2401
1089
2619
2632
1950
2097
922
2191
300
1785
1253
2126
2498
2215
2720
2552
2215
2424
818
2508
1638
199
2781
1787
2691
1403
2159
1825
1344
2743
916
2297
620
2859
366
1841
385
704
1642
2093
2200
2529
1160
1583
971
2909
2447
2052
951
2409
2834
489
2284
2993
1803
364
2123
1199
2555
2991
1099
2492
2307
2072
1351
956
962
2172
2999
7
1899
1425
138
2929
1993
2523
2861
2738
2986
1230
1395
2161
2494
946
192
2868
523
2997
2643
2123
383
2018
2304
1715
1256
2895
2688
798
2387
1948
1158
2103
327
1775
1606
2275
2549
1557
1219
955
2743
883
1677
670
1330
2986
454
1940
1745
1249
432
805
191
172
2653
2647
1465
2771
1418
1327
1341
997
944
1838
659
2667
2008
853
2279
1545
2451
1116
2240
1055
2059
355
2641
2878
2498
1396
209
1949
2021
2975
1944
2699
1204
1701
1960
439
2280
297
1709
2516
1794
160
419
2912
748
2881
740
931
1510
2472
402
1341
1784
2564
111
2560
2983
928
902
421
2854
1463
1373
1234
2217
1704
1930
2529
1593
1729
2087
1964
2359
952
75
124
2135
661
2423
2808
1171
1163
1105
2755
1808
2837
1160
1734
2745
2717
390
1213
1759
2184
571
1086
1169
1389
739
1827
1342
1852
2406
1281
1148
1923
2471
2521
2347
2740
2092
2051
140
2458
2993
1451
2080
2002
1193
1604
638
2143
683
2848
1212
2813
2181
2329
1680
2007
2823
2922
2244
860
2678
2375
1805
1076
2531
2732
2334
561
224
2593
2654
2385
1494
1850
114
1503
2286
2972
2008
1769
2538
2187
977
1996
2887
2121
2626
2675
1346
2906
456
2343
2668
2283
461
592
2371
1112
2531
674
710
1116
812
875
228
971
2124
2392
418
1516
315
759
2535
50
651
1472
2262
418
1162
1716
2216
558
468
1984
2499
2896
1025
2123
2386
2891
2694
2658
2130
2834
611
540
1783
2572
312
905
1441
535
2317
1735
2046
2801
708
2908
685
2726
2989
847
1268
1188
1310
2242
135
1714
1245
1256
2918
2887
316
2188
769
686
2383
2018
475
903
2796
2870
1352
1105
2048
1890
1283
2252
2218
2246
1497
859
1230
1616
1812
2654
705
1651
2149
334
2652
2859
73
2113
2095
1950
1663
381
563
2590
11
1345
563
2236
1130
2303
1008
1558
2418
414
1704
2745
461
660
683
74
2283
2289
409
1973
2600
326
451
1017
777
1540
1701
35
982
394
2108
2327
125
2534
1538
2965
699
2660
979
2495
599
36
1082
137
109
1790
957
537
780
2465
2155
222
2021
2729
2766
309
32
46
2176
2951
2748
1921
2478
2902
2827
1066
2907
1334
1512
1268
1035
1200
94
282
2341
2002
1510
1539
2419
226
2732
1057
1065
1353
2455
2864
184
2740
2467
2337
2158
1470
1397
974
2676
1938
1394
2528
740
483
1324
2412
2308
558
2811
380
883
375
451
297
479
401
2367
1742
1977
2058
1139
73
478
898
1334
1242
1866
564
1860
6
2915
2964
270
2869
2103
905
2524
623
1779
620
409
637
1194
2398
401
2636
2334
2673
2258
1596
2878
885
1163
2590
1803
114
2141
1037
608
701
1093
100
279
611
1811
2741
1754
2706
835
1193
684
2767
1438
1371
1533
1490
1995
2214
1707
2166
1911
991
2828
269
1206
1462
1077
265
1444
2246
2581
2172
933
2804
2195
2417
1541
1884
2808
2699
982
1702
2139
2731
1708
2384
2176
1807
1190
957
1091
94
2547
1923
311
320
997
306
646
2514
2863
848
2195
1727
1103
2586
300
1514
2488
2485
925
265
728
2483
2379
2275
1344
2825
2631
689
2237
2876
1178
1346
161
395
1939
385
1919
2992
2322
2346
2018
649
632
2346
2032
59
717
939
2200
2118
2942
150
2765
491
2625
387
1422
2297
2286
1628
2252
2279
1604
2041
2887
2348
236
1372
925
2995
414
2244
2688
179
1567
1207
1579
2106
788
2567
785
2169
13
1640
1498
2426
1153
1552
2986
2886
1849
1636
1568
2035
1884
2132
1880
658
1127
2277
597
2495
1822
1661
135
