477
133
546
571
206
988
309
241
323
981
788
864
517
110
922
178
751
513
239
880
124
128
877
755
662
53
237
671
43
784
714
452
354
493
824
746
892
697
637
792
533
353
189
993
641
703
20
604
499
410
716
959
377
73
438
760
700
741
541
63
603
208
358
514
334
301
251
446
792
316
647
128
158
2
133
590
925
347
553
884
120
678
335
822
318
28
122
103
778
803
725
324
60
309
502
472
709
208
105
341
488
706
288
612
907
83
743
609
581
463
317
630
793
750
855
873
177
338
39
109
182
149
939
587
299
284
944
650
866
619
484
994
94
870
858
521
736
570
232
191
413
126
437
333
587
337
63
293
212
657
1
773
972
53
385
502
109
112
239
380
666
131
681
569
304
645
979
522
583
249
956
685
200
660
820
277
730
130
738
796
517
173
802
925
391
368
588
859
340
406
959
633
584
202
611
166
328
938
695
148
911
533
695
486
500
430
559
836
377
941
349
604
558
856
960
399
172
547
255
317
158
241
101
205
209
869
528
517
332
602
296
843
634
347
965
78
36
120
449
620
404
325
716
16
13
297
670
239
726
968
144
400
381
405
523
414
968
728
314
203
766
928
284
522
564
861
313
185
212
212
270
258
880
984
395
548
356
657
281
26
66
492
353
552
511
95
8
102
618
327
190
99
844
296
694
134
82
920
352
491
400
848
962
841
913
0
917
324
25
182
636
988
667
315
271
265
550
266
285
825
554
534
760
344
913
503
266
843
776
424
310
977
404
344
433
830
586
506
344
29
815
164
875
313
62
993
878
272
808
491
448
149
829
480
468
616
24
960
981
324
73
865
23
77
108
30
800
37
623
891
134
817
313
693
50
356
374
234
305
992
551
469
516
20
102
555
693
494
295
503
434
462
210
710
206
869
484
297
314
529
326
965
275
142
869
120
773
866
288
41
38
157
585
340
789
834
298
602
312
839
569
369
525
565
766
589
760
708
9
522
132
335
640
549
677
719
422
46
513
286
200
740
367
803
32
357
767
525
380
240
489
925
170
962
394
500
890
729
650
446
861
455
896
234
971
847
870
928
912
389
753
374
912
237
673
102
42
300
983
279
297
858
636
686
549
604
966
424
625
141
221
975
941
964
980
464
603
998
979
301
807
921
546
299
463
930
16
546
402
363
384
156
397
373
661
836
136
381
388
189
872
62
104
868
541
564
244
227
915
720
408
978
838
869
294
772
79
197
903
212
372
976
647
946
899
659
623
293
374
961
193
158
378
193
429
767
793
99
42
343
272
712
273
180
691
301
875
235
437
779
131
22
75
847
150
306
656
809
439
52
963
43
831
72
844
136
801
822
406
438
348
706
293
377
666
717
953
734
325
789
644
800
280
686
461
291
995
339
743
483
177
358
883
775
988
599
1
344
480
444
822
8
933
293
207
385
422
227
428
355
174
133
56
265
42
39
525
792
218
327
620
773
865
813
434
754
491
414
270
501
958
997
38
717
313
279
530
354
498
425
840
824
820
992
694
423
261
581
751
323
749
483
900
291
298
134
892
567
721
434
686
931
215
53
939
714
293
930
121
33
370
931
121
802
58
562
674
985
340
324
999
175
522
291
443
120
433
774
645
923
968
223
166
574
902
41
359
403
28
251
88
954
689
749
35
180
964
919
55
10
532
873
945
88
836
962
764
938
354
608
945
745
814
680
58
801
208
459
968
482
746
14
140
761
205
372
570
971
519
970
890
758
73
998
985
835
647
549
956
459
65
792
676
541
399
242
69
746
465
729
688
246
228
638
249
538
288
962
130
730
870
127
334
592
959
449
155
212
528
55
790
761
450
554
498
460
133
785
315
707
213
253
941
952
588
816
226
161
431
629
312
990
989
540
184
118
386
13
163
21
10
966
167
942
224
394
711
433
998
96
41
650
879
989
609
54
584
575
683
426
110
832
30
818
617
267
603
314
493
590
789
637
729
11
858
55
944
757
143
897
757
812
219
497
212
653
234
963
868
88
17
17
800
471
737
666
596
313
628
89
997
504
749
733
657
765
132
505
62
333
591
711
351
104
708
741
104
247
746
556
354
567
944
305
954
758
709
715
852
305
271
592
830
191
815
659
711
414
193
6
870
376
561
951
838
241
817
683
503
528
151
164
248
16
427
936
112
530
718
208
461
920
991
401
908
648
863
34
462
123
980
483
419
289
50
494
776
955
845
93
492
677
268
176
585
662
327
720
694
877
705
861
953
10
232
961
202
958
473
223
394
167
545
467
218
692
327
640
777
570
