718
885
6912
6910
9893
6029
4530
718
1920
297
2741
8065
7356
2224
9009
8969
6067
6874
3685
9410
3303
3480
8011
2728
3002
7917
3303
4374
4224
381
73
6492
2684
9793
5938
8748
8999
6612
5571
3905
1888
8238
5648
7228
845
26
3924
5132
4799
6581
9246
4537
8740
2950
5065
8046
613
6772
2138
2768
5472
6409
498
1647
400
5489
5571
4793
5560
5294
7280
165
6287
492
3053
4658
2148
1340
4053
3629
1571
7983
4218
7657
7248
1361
8982
6734
5056
31
3857
3072
2648
6390
5276
3883
5869
3994
713
6744
2825
655
4782
9903
1647
4184
2414
7849
3446
9929
2343
4640
7970
3323
7915
5109
7040
3452
3718
2382
9023
993
4030
9850
7900
265
5705
9874
3878
78
1288
4830
4465
7499
144
2881
2150
9957
8201
211
6631
7095
784
6697
255
1118
1783
6338
5816
317
2877
2368
1542
5006
5016
7121
5265
7686
6285
5930
273
3684
98
7935
4242
662
6828
161
262
4727
6786
4228
4505
2073
8450
2892
2400
3963
4033
1716
6843
1655
5502
9114
7530
363
5616
9546
7819
8209
2654
3846
2385
45
8893
4383
4896
1107
2276
5458
1605
5299
6203
8898
7459
242
1954
142
3144
4614
14
46
2318
4877
6206
7887
3293
8395
7212
825
2029
1150
8238
858
5466
9007
8364
7217
8736
4504
3741
4104
8310
3980
6938
831
1895
9079
1188
4273
3483
2164
9057
6069
292
5717
8625
3252
2388
6354
2895
5473
1132
1393
8066
8906
3983
3454
132
4730
9062
1959
4826
3192
8364
6951
2034
463
4953
2989
1115
5339
9116
1896
9758
9533
4290
2033
4970
4779
131
5845
3069
5111
9483
4862
2238
1514
9734
701
3479
893
1669
6069
4449
6612
3453
3687
119
1928
1118
9398
9677
6991
4273
774
9977
6025
7563
2774
6335
7754
3998
5927
7706
6367
1343
8184
1014
6463
4130
2880
427
5631
3537
2775
1108
8578
5484
4544
4110
5452
7818
87
3628
4193
3197
2019
5271
7614
1668
2025
5314
4083
7146
1645
603
460
8747
7893
2270
539
695
6636
7444
3108
7823
8399
6744
7445
8093
3991
938
6815
7376
260
3197
3237
8420
2483
2859
3360
7920
7132
328
8076
4169
2762
9219
7235
3940
6647
7049
84
921
996
8196
1744
7107
866
4145
2609
8467
7536
7087
2294
7141
8129
9267
1039
2234
1129
6857
578
8708
4756
8740
4440
9168
3459
5703
8984
8062
3588
8300
5501
6812
7260
6593
1302
112
7732
6643
7114
1572
525
5970
3237
6780
610
8436
9316
5763
4777
1749
569
4259
6533
8716
8315
7812
1163
8089
8718
1692
638
5003
3322
1124
5177
4382
1707
331
2169
5953
628
4691
4293
7461
720
233
2106
8706
55
7715
8471
2532
5913
3986
642
5538
6586
9815
4582
7151
122
9890
5770
3129
8591
8069
5726
1055
6226
7303
4820
416
4483
596
649
8463
1722
9298
1295
5890
9387
8846
4184
4985
469
3157
3121
2075
2167
3791
2761
716
6415
3557
9516
4700
9393
8067
9376
4537
1792
6025
4427
8676
8972
1163
1839
5489
664
1864
5587
4296
8166
568
6848
6136
8242
4143
8725
4523
3224
7790
4151
6341
8195
2584
200
1910
1698
1074
7986
527
9225
5492
1745
6593
2578
2316
6954
4769
8125
6386
2524
1639
4715
7637
5890
9574
9411
5828
3297
5126
7248
8570
8596
637
7479
3568
3362
9228
1768
3142
5145
3701
1408
9837
5753
3930
6297
2123
3935
3425
3855
1809
8156
7429
2399
4858
2338
3526
9822
8409
3931
8287
8051
5861
8389
5064
8034
1073
5310
2578
6166
6964
4616
8256
2314
2247
7752
1701
6245
2924
9793
9928
2496
8460
4936
4628
7476
5161
3316
4732
5877
3650
4149
1899
9637
6053
1294
5546
6358
6158
5455
8123
2976
7406
5331
4082
4923
663
5043
6580
4874
2147
1829
1159
7252
2373
6597
2089
960
4407
2925
7916
7356
7826
7956
7470
7450
4524
5473
5160
2600
6700
2779
9084
6986
3865
975
1345
9046
9776
4252
9500
2492
8916
6254
6868
3440
3408
4421
3911
1702
9448
7809
9035
7400
4590
6076
2764
9206
2112
2612
3220
2267
2270
7428
3226
2425
3017
9631
1633
8048
5751
7896
6848
9968
8404
9568
8978
3752
7762
2269
3092
3354
5616
5459
6140
3373
4297
7409
4185
1342
1860
6715
965
436
7977
1856
9062
7903
2035
855
6564
1821
1840
6123
4902
2680
4805
6400
1925
7871
4126
5824
7762
800
8292
2743
4835
991
1368
1863
7896
6805
5435
1913
8476
4055
7456
6273
5575
3378
6665
5516
3792
7840
4830
1561
4160
250
9228
9281
1378
3803
8025
3172
6054
2348
4022
690
9461
3105
5278
5570
2702
351
7131
6898
1599
5928
4008
2700
7935
2965
7200
3874
9768
7406
6981
1238
9619
5625
3501
7592
4108
4493
6967
7836
2740
1266
8428
1383
9940
2696
4304
3014
4239
2352
5639
1067
1041
1258
9812
4149
8500
2603
6477
203
1537
2795
2442
9845
8243
889
1724
9256
1655
7932
5659
1387
975
5911
8120
7466
8823
6743
1009
3303
2815
236
1651
7287
7942
466
7065
6176
5704
3451
2114
2830
2590
538
6321
9948
6019
7022
6670
7141
5143
1722
4746
7575
8269
1901
351
112
2095
1731
2246
7000
9857
2903
2290
2859
5155
5379
8010
1681
5391
118
6324
4348
8819
9136
2957
2718
9385
3901
3109
6452
6593
5596
5015
5074
512
1002
8566
3244
9378
848
82
5343
6938
9126
2314
7786
5931
4530
5132
8076
9231
5713
4424
91
4628
6673
6723
7374
8247
4377
582
9400
9624
9349
662
2706
5645
8529
7439
6227
7890
9169
5354
830
7310
3516
1198
8664
1970
9123
9298
1349
9210
9713
9152
9359
1158
9088
5670
9393
7714
9413
9318
54
1120
7770
3437
9625
7144
983
3824
6456
1206
6075
6738
5738
4353
9180
642
7178
2524
3385
1713
6144
9093
1817
9106
7722
75
3890
8650
6476
5197
1895
7479
7409
4174
1935
9485
4332
1732
4094
6235
8528
1775
1058
5149
3768
3479
6188
8906
8675
1918
3961
4765
1792
4788
5933
7569
1155
3130
7227
7989
6929
1630
1490
751
3101
5637
9383
6141
6895
2326
9339
9430
6142
2835
3114
15
6906
2835
9296
26
8056
1771
2743
7497
1659
9915
8257
1808
3931
9028
4638
7512
5813
9815
3595
416
7343
5769
4999
9646
7158
739
5203
5636
5046
437
7174
1821
6373
6522
5258
1750
5868
8935
1318
2809
2083
6509
4665
885
2952
9727
2336
2362
1612
7965
1220
8240
5978
4382
83
5527
9941
76
3513
872
605
6617
474
2875
9597
9312
7647
4706
8884
3543
4523
8338
3693
8224
8425
402
2190
3230
6756
9693
1738
9300
6370
9153
8339
9081
6590
2601
8799
1496
6753
2520
8166
7284
3260
3404
4102
3881
3700
2994
882
1005
9130
7176
6909
5142
998
237
6255
9317
2879
3045
7491
480
4362
6969
8109
3645
7677
587
9610
7001
7743
3735
4405
5833
9422
6820
6483
5080
9868
602
6157
5888
7990
1454
5224
8260
2210
2857
450
969
4341
8423
9738
9876
4927
9658
3228
6622
8948
6751
5417
5653
295
7352
3359
8652
5125
7609
2762
9299
3867
1006
8630
7969
4852
3065
9968
8285
5283
9210
5464
5884
6090
3094
8645
4549
8965
2378
8677
8305
3302
1689
159
7710
3182
5697
5192
8242
1828
2844
301
5580
1653
9890
5587
2886
1800
6172
2857
1526
1228
9667
9383
9237
5057
1639
342
7063
9376
6284
8427
7912
4600
8622
5553
1240
7782
6229
3298
8221
9184
5523
8402
8056
2910
107
9592
9426
1141
1580
3673
1732
8225
1722
1635
1109
9855
5662
5075
9246
1188
5092
3795
5514
8574
5458
4020
9369
7157
3096
2387
8659
6925
9634
1147
7434
8634
3531
2440
2473
5200
7356
4771
4553
247
7202
5183
3154
2007
622
6750
5789
2934
8501
144
504
3499
4968
1242
7283
9870
6414
2063
3288
142
8925
5534
1224
3582
7735
3655
2479
7037
4961
731
7145
3360
4479
671
6543
2687
1867
1260
1145
8393
6757
9047
8472
3524
436
5592
3531
4165
1915
3273
686
9096
8230
3613
6404
2701
8611
4538
5177
3663
7982
1316
5674
5058
9253
568
5360
3688
1434
2561
4375
6752
439
7851
8268
7293
5771
9074
133
9726
2915
9317
7355
8766
3092
9789
8259
3242
772
6884
7818
9115
3672
260
7134
9376
6680
6205
3993
7433
2159
7521
9176
6785
6799
240
3819
41
7441
540
7925
7901
762
1608
1106
1990
7465
3202
1656
3691
3644
4425
8359
6501
738
2077
26
5854
7612
5762
1855
8628
5389
9472
2819
9439
5793
2315
1542
8285
8169
426
7070
3159
436
4453
3640
6930
5001
6080
4841
2836
9120
4478
4818
9904
5345
2004
3810
4416
6997
9612
9397
3070
3177
4994
5658
5391
6432
9663
1699
8924
6104
5999
2805
5839
3685
4593
2496
3542
5849
3531
3784
6599
1253
9607
4881
673
665
5597
1802
4090
2743
3086
9568
8106
5958
4939
7667
7363
2
8192
4405
4587
3041
1649
9054
2360
1777
5295
6782
5320
3372
5782
3642
1369
9261
4774
2967
859
7341
6172
149
1168
518
125
5970
2941
121
5983
2032
9169
4538
5011
8624
5150
7993
7106
1869
6728
7676
611
4038
7321
1671
5383
6307
5087
8126
3825
121
8339
3041
2725
8360
1335
8886
1644
2129
6139
8357
2641
5765
8699
2524
1180
2185
1849
6291
4232
9798
7858
9722
9602
1820
304
6926
2256
4935
9420
3306
1324
3386
3549
1034
8524
6855
4754
3083
7616
4496
4727
847
2647
7256
5751
9852
8285
307
3103
7684
5381
428
1595
4607
1663
1365
319
7524
9383
5513
516
8583
74
8814
4381
556
9109
7014
8900
9257
6444
5748
3206
42
1027
7307
152
6238
5948
562
9285
5375
462
5748
5973
1855
63
436
763
8958
5262
3646
2731
7079
6831
5721
3510
1738
1092
7304
6931
5461
884
9120
1452
5467
6474
9827
7554
1366
5725
1755
3662
6761
5319
850
7526
8670
1989
9198
712
1279
8762
7434
7285
9056
4512
2000
1181
3145
364
963
6627
4865
317
328
7116
8469
5601
8708
9994
8841
659
5712
3232
2405
6357
4282
8001
7921
1269
7158
5833
7419
6416
4625
3895
997
6240
6901
2309
5756
4627
5289
8518
4914
8618
7696
5979
7805
5018
1650
5874
8697
290
9223
7612
8600
9065
9855
489
2026
5028
3008
995
1624
8322
5863
35
2537
3188
9471
1619
9559
2747
607
9874
8700
8511
813
8557
4359
6586
9232
1200
9483
6719
4420
2297
742
1850
9159
4901
7278
3830
2016
857
375
8261
8687
6831
3618
4255
799
1467
8352
8313
9080
1769
3092
9505
1170
2901
1286
9669
5523
3879
7955
3421
3897
905
1362
4827
3892
2838
9474
5757
7130
9456
2623
8076
3854
3518
6771
3189
4763
9329
2680
2850
1306
945
7324
6084
5667
9192
4926
4798
2991
4555
5637
4177
7804
849
9792
8256
2298
5601
3624
4927
2227
2364
1553
3309
7000
3940
6111
2955
7862
5400
5462
4984
3703
2861
3882
426
3988
5802
5860
4219
3544
5232
7590
286
256
9892
6485
7964
9199
6059
2277
288
7310
7841
1076
3227
9921
5269
2284
1188
3076
1620
9388
4688
2868
7905
5120
7962
6266
6334
7084
5727
1042
778
6152
9656
9610
7879
6261
6629
1061
8102
3326
8851
8432
434
7625
345
6252
2406
3165
8437
5658
6219
2542
6302
1413
561
1363
6629
8008
6377
3961
7981
6416
7150
7840
4180
5228
5710
9859
6637
7250
6456
8309
8268
6987
7348
5607
5037
2302
4601
2406
3713
7275
2511
3921
5686
6429
658
7576
6273
6386
1103
2496
9931
6967
5454
9811
2629
9052
4076
9828
3402
88
4068
8320
2080
1845
7258
8288
6233
1211
6820
7387
2956
9515
6741
7160
8859
3905
6886
5841
802
2845
4467
6420
5355
3675
8016
2995
9136
5550
9446
251
8366
155
4318
7697
9714
6257
9065
9496
8035
6039
5210
6768
2923
1150
8416
4168
179
2118
4163
2900
3178
2476
7498
4489
706
9040
8519
6693
1656
7284
8864
5277
2462
2161
1755
2622
1046
1380
4981
2660
2285
7126
9071
4745
689
2057
7925
4261
8481
1917
3132
8084
4128
9843
1704
1189
6181
8473
4151
1726
5201
1572
5645
4189
7502
1580
2237
7497
9233
8097
3553
1592
2716
6363
6935
8554
5059
7247
7464
6850
7224
6813
8229
9828
7317
4966
8864
9401
5494
332
5476
3968
8704
7473
7539
6352
7074
929
7018
4344
7286
8156
7026
7543
4116
459
3734
9031
7108
9316
5596
8691
3549
1961
466
5418
2719
6954
2423
8380
778
7739
8307
7521
9224
1856
1187
1625
9022
5860
5285
5518
5626
89
7692
6373
3753
8410
192
8068
2632
7485
7958
4685
7685
7284
2552
3768
2930
3074
1488
6256
3476
810
8710
1779
8158
7683
1892
1597
133
9129
3474
3086
9728
2557
5874
1047
1727
5948
2490
1829
212
1276
2410
532
5730
1395
489
8740
6720
1826
1025
6217
2122
3375
8259
1788
8309
560
3192
9935
8765
6147
3861
7758
6045
5179
1497
5873
4393
8916
8615
7214
4699
920
5867
1643
8457
2474
1035
3729
6368
4287
4651
8988
5167
1164
1469
3567
258
2779
4579
8148
8856
7591
6274
6481
7076
5975
805
9974
8477
9032
8635
563
2674
5090
9102
4855
4174
7932
4945
4899
5043
3916
9173
8844
823
1542
776
5167
1480
9398
8906
6815
5404
761
2861
9467
2009
8869
3145
5083
3790
5866
2602
4888
748
6192
5111
9099
6789
9407
5007
5693
7039
1933
641
654
2773
9425
6408
4722
4635
887
4401
2101
9563
8941
8555
1295
6513
8874
5610
2563
4751
2030
2376
4881
9358
7573
8281
5228
9826
3701
1753
8229
1704
8454
4980
5862
8302
6497
7441
7867
4143
5905
5436
2458
8859
7750
5535
7107
8095
8153
2204
2995
5109
7418
6490
2339
219
7461
521
2093
4568
2707
5715
8670
6561
1900
4737
6663
9719
2970
1400
2029
9226
7128
606
2369
5134
3018
1629
9914
3320
6119
3698
3102
8757
5696
3522
2880
4935
5652
6555
7187
4285
1164
5602
7596
494
9570
270
2901
1714
6287
1391
8334
9693
8977
3212
3455
6793
5771
4473
9480
5182
9590
9185
4425
1857
2566
3926
1325
9031
2327
770
9073
8932
9622
6664
9891
7060
9324
2588
7973
2020
6021
7196
4961
94
143
5402
983
8784
3214
551
9617
8696
3212
5741
151
2014
3566
2249
2014
2414
9745
2979
9788
7696
6307
9451
3271
9622
4191
3346
9339
8945
2064
370
7178
256
7206
7547
317
5799
470
5403
4217
152
3708
2361
989
6048
6348
9567
2248
3632
3239
5985
9031
5670
7720
638
1740
8504
9837
7426
6154
6797
1715
469
1533
1352
5755
9268
7014
5233
1961
4250
8180
3906
6155
6602
8383
2923
8038
9964
7149
5154
619
9234
7383
1195
9081
9653
390
9023
8748
4433
6103
2652
8308
6233
366
3897
8944
2169
502
8772
3545
4598
8838
1770
5851
84
5695
8115
9630
7220
4003
2183
5347
7911
2256
2609
794
6564
6073
7886
8080
1026
2997
66
6837
4243
1425
2216
8972
6109
464
3603
7947
213
1331
9925
4098
2106
6868
4891
2905
5548
6940
1812
6354
839
4757
8509
7470
2928
7657
474
5035
7562
4393
5202
9371
6181
3210
8952
5168
709
7753
6977
3651
2602
7311
8567
516
3073
8448
5145
2491
8774
9469
9356
4333
4756
2810
5651
9322
2955
9322
1078
9827
1933
6454
3426
1114
8165
2716
5101
3122
4036
4356
1220
3428
6441
7470
707
3731
493
9095
3616
5848
7096
59
9364
1975
3747
9780
9287
9762
2363
4384
6727
9548
542
5185
3716
9765
9494
9854
3868
5012
4767
4246
1134
4580
8999
2932
2077
8613
7617
2463
1667
4883
7813
4489
5823
6084
1416
9351
2220
9962
8355
4047
8432
4216
6354
2077
2734
5666
8060
4129
7208
6381
586
5986
5636
565
7958
1414
6409
6461
7362
1193
7031
7249
3633
1514
8801
4584
9142
5910
6168
7733
7159
6556
6149
221
8669
8015
7650
1587
8827
26
2549
462
6409
813
714
4348
9724
2118
3709
9040
3331
7947
5121
3734
4016
2340
287
5400
1554
9429
78
9721
9307
7753
3867
5806
915
9834
8501
4124
1672
9933
7736
5437
9791
715
2148
8669
9644
5529
4842
976
5305
2009
2531
9110
1383
3529
5516
3878
8207
4778
1697
3448
451
155
1925
5839
6519
5955
6603
2979
3237
3998
3317
9117
5217
911
9558
1547
6361
2755
1702
1411
888
6694
6706
3541
361
2783
7149
7497
3298
246
2455
9031
1812
8022
2295
1333
7261
1966
6264
6427
4504
9425
8590
1138
6514
573
1156
4251
4570
5305
8404
9549
1620
2215
2386
8390
8249
1801
6821
2754
6991
3216
1810
7913
5345
2703
5686
947
2539
5278
6080
3735
3188
218
2298
8945
9911
1722
6994
6257
7168
9821
5225
9456
1600
1231
7735
1646
7581
8362
360
8535
2201
313
583
4100
1933
5864
1478
1837
1107
679
5287
8236
9277
1902
7882
4925
8052
2586
8452
1857
5952
8660
5464
5122
1521
2563
3732
4097
24
904
5915
587
7462
4968
4570
8762
9150
8406
425
6135
7257
4958
9825
6526
7159
5743
7044
8282
4524
4544
6221
7279
1711
8259
3157
1926
618
1238
8655
1603
8606
7030
9265
8946
3351
3790
1599
2752
2728
7262
5734
294
9602
535
2513
1968
2646
658
3404
6172
1237
960
2643
8638
15
2396
6421
5792
4976
9405
2171
3399
4932
4264
5823
6481
1491
6834
9946
7082
2189
8818
2302
4781
8754
9109
8349
9735
2126
7451
804
1464
896
415
9016
5811
9254
1365
6363
7813
7399
7227
875
2978
4844
2162
1576
8491
5212
6678
63
6715
9378
8344
1511
5569
2205
8909
8503
9800
3780
7903
1603
6929
8564
9121
785
6194
9767
624
9612
1016
1747
9237
1684
8648
4364
8552
1536
8964
7383
1262
9554
4217
1964
8866
9845
8804
8102
4658
4853
516
1995
6192
3370
2539
9379
7737
9587
7215
1574
7251
8299
8141
8023
1487
6667
189
8791
2413
9148
8704
2615
3919
3222
4822
6190
3222
1978
924
1634
9257
1449
8402
1015
9764
1935
5547
2529
2780
5872
6845
8744
6688
8253
6969
2743
9692
1954
2613
4657
71
1183
2004
8385
7020
3665
7719
3788
1094
4061
7228
4901
3717
2872
3093
6252
2525
6
4484
1396
1613
2045
9218
8575
6349
53
1247
2889
7232
6462
5891
9438
5321
1022
2483
3369
3770
8821
5231
8954
8280
6175
9801
8450
9755
1286
6480
3198
7489
1314
4186
4526
6497
1582
5536
3905
589
999
931
3247
496
2803
972
6946
8279
7292
4641
7394
3613
8184
4436
7724
9999
278
9173
7246
9566
1319
9048
3873
802
6695
8385
84
4107
7846
92
2929
6051
888
3561
9102
8672
5173
6228
9410
1813
3725
3763
3073
9432
428
3160
6470
7374
4614
4390
1948
5683
8239
6737
1818
5222
9337
4270
4649
8576
6059
5225
1203
149
587
5766
9737
8995
1448
2079
4416
9399
3430
1531
938
1072
8070
5584
2797
2555
6433
592
5442
4365
5714
6638
1916
5919
6429
836
1970
947
7792
445
4811
6390
6052
9549
1749
4686
8480
2400
4898
6098
6138
4464
6256
5240
3418
6816
4739
1465
2014
7701
3858
6241
516
8885
3226
9379
1863
279
1475
6745
9432
1434
3005
3785
9864
8834
4934
4692
7952
1276
3979
1768
9054
2643
2056
2549
2492
8955
350
6140
4974
1915
144
610
7752
5480
3130
37
6282
7644
3087
1718
3177
3221
8365
1092
907
6073
815
2473
1918
9495
1919
8350
3381
458
8422
122
6592
2359
1249
5639
135
7605
8353
4165
1156
4380
2592
7304
5354
6213
2747
2989
5765
4994
5488
6202
7791
4647
2805
243
2412
2485
3458
328
6211
5624
8813
1339
9130
1222
2784
1008
1085
6487
601
8910
1194
4164
5438
9394
924
6697
6938
4738
5025
4612
6377
4959
8794
5919
3468
4947
6288
1770
4425
1018
1741
1281
898
5614
2814
7069
6400
3402
4227
5318
4748
2608
7423
310
4297
9414
6739
6617
7922
6586
9698
176
4236
9463
1760
2901
839
3360
5884
6105
3334
9337
4327
1785
2648
6244
8447
2912
6851
3561
4653
3685
9213
3023
3128
8532
5014
4615
2467
4443
1621
8265
9770
4939
6797
6870
3348
3166
2667
8907
4917
2359
7791
2391
7091
629
117
196
3267
8018
3263
1745
384
8440
5809
1984
1367
8659
8664
8731
529
7570
1623
2530
1982
5622
3456
383
9066
8365
8764
5851
9391
7960
8455
5849
3319
7592
5067
4064
9820
7944
3399
1590
2079
3764
651
3111
6273
167
9347
2997
7569
5042
1373
7066
3954
5032
5593
3448
3591
294
3165
6018
9950
9440
6994
3779
7991
1543
4286
3724
864
2470
831
5500
9230
444
384
7735
1034
4724
2283
4857
4149
3183
8827
9092
5241
2532
3405
7076
3758
1677
755
9236
5734
787
7956
2490
214
708
8755
7597
9393
5024
5195
9367
2770
1860
7300
8005
5718
9325
6740
8875
3683
3262
5525
2740
8089
5293
510
7543
5364
1735
993
7398
4139
8708
977
5856
4984
7781
4494
1702
9972
1082
3711
7883
5102
7296
8954
4532
24
7383
7507
2623
5935
2066
3790
2656
4981
5528
4130
54
876
6471
3277
6556
7617
7704
7854
9115
4898
1421
6915
2796
8973
3463
9311
3772
8311
4661
4791
8521
2102
7830
7546
7609
3404
4511
4571
7657
480
3897
3036
7363
7306
6449
4937
2777
843
3123
1710
4957
3767
4481
2261
8835
9760
1068
32
5726
3440
5126
4559
3975
3363
158
4607
9645
8638
106
1648
8870
8928
9027
2016
6003
531
5642
9113
6033
1279
7416
4676
9164
4092
3220
793
9406
6657
989
9605
5797
5246
2583
8325
4259
178
9363
901
6959
9834
9558
1888
6968
4663
4027
1283
4890
8698
6005
1490
9609
8463
5453
8614
2058
5364
5002
3410
6066
3988
1230
4721
4549
5316
9612
47
3328
1576
6008
8496
7747
195
5239
1872
6598
4458
1814
759
8828
1268
7590
2440
8485
6448
3028
4343
7741
5283
631
8134
4530
8365
5043
5386
2963
6070
970
6382
6851
7466
1474
8724
1949
2750
3682
691
9906
9645
2965
8242
3325
9028
6273
8975
5000
7799
2546
3916
5495
9230
8816
6502
418
1583
7759
996
6561
2185
7236
5417
6927
154
2101
7301
2337
8110
9225
750
8192
5172
6047
3383
786
5967
9723
2922
7270
9910
1899
8567
3438
1576
7975
7945
7799
1232
4167
6673
4532
4784
1391
2514
4121
45
4869
7928
3475
4855
2274
3925
9029
1875
6679
7433
9901
1303
6391
7150
4757
6418
5106
782
1765
8085
7475
9473
2101
1906
3919
54
256
7647
1085
541
4853
9095
5493
6319
119
8398
7889
6667
6084
4734
8256
3279
1699
8787
2873
4366
6582
1871
749
9203
2703
154
4437
9827
9471
6970
8426
7384
8458
2411
8308
7232
7862
332
1834
8000
4177
6118
8168
7638
3346
9065
4255
1226
4328
7092
9574
1264
7136
7841
8382
8604
2770
4603
7971
4354
7930
797
9438
8986
2948
376
2983
6093
6160
8784
8776
4766
3126
5443
6605
759
6771
680
168
7919
6385
7488
1217
4293
2404
8651
4634
7292
8081
7195
8288
2451
2009
7085
2621
8768
6531
9785
6667
5272
5224
5638
1939
7741
8744
2794
2707
9861
3034
9518
2558
8179
9792
4363
9310
7140
5609
5027
5524
7560
8448
4414
8640
1274
7553
3071
1068
5806
428
8642
3826
6327
6674
2180
7583
3442
6364
9119
2239
2258
9228
9137
9639
9960
1227
8552
7569
4415
7089
2636
7522
4770
5346
6264
8376
7419
4470
4407
7583
1720
5041
9479
2274
7420
4673
8589
9455
7503
7143
6293
8547
4995
3436
9539
6133
1428
7684
7995
9295
7051
9840
6793
8342
4768
9485
3678
8939
6761
5994
1336
2985
7427
4840
6829
8479
7243
394
4404
2648
4122
27
2816
8693
9083
2478
8697
1549
7370
5185
6729
539
8379
8491
9488
1205
5332
9796
8708
4637
376
7796
2840
2512
1089
4451
3128
267
5129
1088
8446
5470
8565
5805
6725
7017
3567
5256
8232
1795
1502
3252
7557
5097
2036
2037
8659
595
9732
4475
2157
4466
8622
3462
5722
2694
9224
1704
2730
7932
250
8168
5808
8197
2694
2610
8743
1617
4067
9483
6962
554
3525
1843
227
9886
4074
3667
8167
9587
2435
5334
8461
8703
9533
5492
721
8096
9819
937
8826
7317
9586
1653
652
4432
9904
9036
3594
5571
202
381
3084
2247
9233
6624
2472
4028
7840
4345
7312
4219
565
2569
5304
2087
2553
3363
1811
6897
2126
5964
4937
491
7684
4572
9735
3940
7672
5889
5075
3890
6553
6530
7050
9214
3752
2241
7495
8201
2252
7130
6322
2125
6574
5288
5076
6238
4008
2631
9682
9727
1429
5188
5677
8273
9909
9136
2677
6197
7632
9315
4821
1443
7092
7550
9295
9667
397
6633
2437
6873
8111
4314
2465
6334
3955
6231
1874
9609
1420
6643
8548
1116
6709
3540
2906
3994
2761
2054
1066
8119
7854
7032
2133
8504
8558
6243
4209
1626
7252
1451
3285
3502
1600
4478
241
8050
5111
490
8600
3018
3226
3756
5243
2445
3280
2114
3027
5597
3219
7841
3498
1694
8996
8642
2902
3623
9196
808
835
6678
4913
957
8060
2286
4865
2234
9494
7164
8621
9237
6889
1784
1925
6213
4348
6438
220
8257
636
2475
568
8694
7560
2141
6312
9991
5004
4116
4546
6911
1448
8909
8168
6882
2797
4620
5542
9777
6659
7169
6779
7452
3482
7204
1682
66
7499
5979
3580
7829
1417
666
6427
6824
4106
6793
941
2554
6572
3873
5891
9836
5238
1760
3437
5422
396
6701
3509
8424
1230
3461
4404
1252
2958
7220
6660
5817
476
5423
2628
2513
7743
1965
4433
5116
9410
6390
8935
4974
4249
5156
6708
5556
6079
3718
5685
5732
382
84
1840
4658
3593
4972
7933
5567
5273
9131
5569
2795
8131
2455
9176
7531
5410
5849
8126
7670
566
3448
4987
5993
4328
8640
8937
8347
5544
6514
2851
8666
5174
3253
8779
6980
4314
9194
1192
9538
6832
9853
3419
7103
1683
2567
5340
630
3077
2624
2262
5833
3224
3986
3883
6942
6700
5561
1973
8148
4470
2967
7867
3363
2809
5332
7564
9281
4915
3362
6987
6977
6
8110
6662
8566
4674
435
4389
7958
12
328
1260
473
4461
794
3965
913
1562
4596
4061
3523
4219
3834
7377
2323
9690
7158
5237
7598
1865
6201
5240
6177
2544
2275
4600
4087
4114
8382
7317
1215
316
21
261
7980
7049
5586
8308
6085
9877
7060
3701
7197
9468
5103
5337
7038
4381
6254
522
8798
5712
6771
725
8436
5425
8511
6178
4595
2057
9981
5218
3445
5320
8601
5076
2499
4256
4463
3315
1264
9425
3325
5344
5302
5965
650
6839
4808
9671
3760
433
5606
7068
9412
4517
1599
9790
791
107
2865
5065
8036
8319
5164
5300
8138
8398
2724
3478
500
9633
9093
4483
5668
6867
7441
5217
6414
3296
9765
6491
7152
9707
602
4097
3776
9628
5703
8538
4861
7781
4931
9639
2167
816
2904
1125
8123
7735
8691
5679
7751
1407
7016
2030
2332
8625
1283
2526
624
5958
6025
7998
7491
9935
8445
5907
6618
4959
5518
5241
9623
1285
605
8
2666
6841
5261
7918
6128
9474
3939
5551
3322
4098
8621
2534
7209
9695
2559
1815
5668
6207
456
4563
7996
2191
2611
2982
6791
6000
1689
8672
6920
6911
5716
1870
5840
4111
1359
8788
5038
1028
4041
314
8162
9007
5432
9024
6959
2177
7834
6511
5070
9838
7574
5278
5391
560
6577
5277
9163
8581
1341
3698
9685
230
1676
4990
1726
4244
5058
5850
440
1937
8728
6275
1330
2569
7325
5327
9283
2555
8087
7356
354
5159
4999
7668
8801
7158
9643
62
2809
3825
5516
499
1201
8319
4072
1611
8136
2398
6042
6853
946
4813
3093
6048
2160
9667
7856
7192
9575
4768
9531
6128
7475
9679
1039
4856
5189
2628
6260
2955
8951
5208
3388
2040
3664
8253
1164
7371
4242
9104
8539
7336
1505
6187
3331
3523
4830
899
2805
5150
2258
3173
2665
3600
9494
8024
947
5407
5871
7327
3520
6826
9511
8718
3295
7973
4214
9925
3421
3569
368
606
569
9207
6807
1663
5079
7489
17
6429
5520
6742
6965
8973
9382
9888
8943
88
9077
8860
2403
2314
516
8477
958
7815
8667
4092
9320
9723
6479
2753
2981
2220
5289
9447
8634
2863
6421
9615
1789
3923
7109
5075
8470
8302
8309
4308
6306
3234
1354
291
5302
347
324
4953
5936
6903
2659
2820
4872
8531
4197
2142
1174
1950
1101
1579
6942
8669
6191
7295
3206
9435
4504
5673
8632
8361
5499
4112
9138
1081
7414
3273
4843
1139
4675
8578
9360
2435
4970
6398
6397
6000
3508
2941
8471
8201
7514
919
4885
973
7772
6278
9055
8583
4317
9789
5039
3461
652
9080
4597
4468
6702
9153
5638
1097
8678
2556
4068
6046
7254
304
3208
87
6399
323
4236
320
6933
8000
6645
2021
4654
168
126
9053
1609
8706
1424
3572
4091
3104
8957
5460
468
5680
588
3791
9984
8011
4574
9916
4474
3022
8095
3803
6523
2946
408
1478
7856
7658
129
4359
553
8632
5301
1504
3758
861
2190
9131
1980
8108
542
8014
7853
6409
4959
314
3414
6051
7683
2401
266
5898
4597
2641
8475
319
8784
6273
8352
9000
9774
7927
9410
8844
4504
6260
8305
5361
6013
1197
9716
1183
5998
5335
6926
7696
662
3085
1915
1399
3910
3057
9
6795
7102
8269
1572
9822
1736
533
2826
6446
5039
699
9117
1159
285
7597
3063
3858
5185
5967
4247
6895
9967
7521
9801
5530
1714
5070
7444
5517
9405
7120
733
1922
3951
8434
6297
5091
9956
4084
7296
3536
1832
5381
5133
8028
4710
7456
