90992
93639
77567
26549
49416
71660
61875
41898
12448
32557
92172
33565
71898
12872
45953
41050
3917
43146
34154
83240
14152
84397
10292
53747
80273
9938
88462
2389
25926
58135
34529
18208
28421
40789
54684
54762
86887
88056
14125
33398
59527
83068
23595
21435
49696
76512
63632
79315
91220
68522
88068
48290
12969
93623
99541
21121
24045
67357
79555
9350
4475
43039
37495
84690
93814
8652
1204
87478
20978
6420
94118
99779
41298
55816
24982
66573
67851
29229
40127
48155
39688
87869
24667
42189
31975
43162
42871
88074
33888
49999
37510
69254
31174
14277
26896
84908
20614
5823
19307
81773
81805
47379
82818
96933
60774
57766
23313
57863
74016
64610
96307
27141
28045
26902
33779
68350
49287
97546
55038
24867
34094
91774
43162
48807
60301
77310
5456
29699
66746
42628
78276
28388
61595
89514
93445
83090
16934
60970
67296
17341
44609
7924
45327
73478
78473
8811
17519
26279
87566
82236
7279
31584
16346
59740
83204
87327
91474
21886
10810
70923
9141
55757
91588
87309
39618
68588
56596
5884
16631
7048
327
81476
34228
80950
3287
74097
40189
99246
29620
68254
51326
29123
50669
65140
32937
82046
50280
29569
25595
60151
369
89368
70076
63472
88527
95646
20165
21453
68242
93752
19164
50323
88585
28238
57211
70524
85648
50428
61295
14421
41830
48245
68348
43284
93404
43412
13694
34489
85482
24321
11274
35615
56380
22589
98899
91295
92585
63818
27304
29026
93380
64537
8186
83329
17163
91793
81564
91675
76509
68345
15843
25330
24489
81026
42413
54178
33569
15476
91838
65887
43437
97876
1573
1386
89468
70734
52861
11919
25206
11333
16463
22174
1741
89364
28981
21093
21201
4736
55033
23654
63522
68092
71996
77914
88768
9880
24595
98786
64063
96392
4492
49381
30615
25964
19470
40331
42263
58657
66046
73844
54681
92771
61022
4918
75505
39133
32944
47666
21535
77007
25304
5970
98500
50330
959
89217
63216
70028
97780
64038
85850
19043
20365
70655
84458
96927
35531
81558
56912
8712
51995
9634
99319
8632
68313
87709
79892
35335
7567
39677
95352
4242
94236
56370
23653
98503
88623
77723
75358
7824
30674
4581
5942
97689
87364
62209
9386
7936
99583
29888
13739
69848
10776
31021
12244
42873
88868
72616
7642
85383
80919
70363
82177
94557
64328
50714
23531
90039
89873
36988
22315
30265
92211
89008
63832
41280
29398
54430
68093
85154
88365
73404
46381
42916
16920
91049
51284
68952
56963
99529
20968
73201
75148
70494
12286
43013
53826
90207
73401
62109
22089
25208
46494
44860
70041
90621
22531
65898
44870
90956
82534
86012
56251
3998
62649
74849
15584
12938
81434
82571
6170
44279
14561
14200
20017
55323
64787
6269
71341
14164
49812
97038
97529
98082
63801
93324
51306
17344
73595
87787
83289
93533
71976
59999
18284
83291
25523
50947
32275
20580
80652
33733
65261
8579
77962
16465
97227
8422
21092
8569
89932
67438
53951
31454
94920
94096
49761
44829
54665
24524
92293
62681
80179
25767
84392
42528
3588
70599
90816
8861
88917
86698
41740
3738
80065
96483
78981
42800
13949
64243
60628
17101
49893
78784
11646
66848
6392
59316
10874
50371
59193
32309
17444
62309
84567
88124
13961
87188
22854
63572
86722
14212
780
97106
14046
99742
50264
68203
11896
93448
21612
82166
84648
10317
93691
44830
37109
71177
87149
75556
79272
87506
84544
58608
19772
75206
41001
62769
46513
16590
91736
84537
99103
23308
97977
69102
6664
8710
6615
45838
33991
20494
31195
50082
69700
3053
11378
57693
91561
65516
66028
95346
10863
799
67969
40272
43985
46574
2510
56955
58370
13505
82781
12199
86075
60328
25955
98547
45900
70820
88642
60000
17812
50358
73775
14061
12716
48257
36398
89137
87357
83518
73241
31219
23122
32637
76256
18921
37480
75154
12554
59756
8545
94116
18809
75412
43608
65261
54188
97557
98032
92142
9917
19414
57189
3379
73931
23081
5763
91742
70099
51084
70645
1459
30903
860
52726
17055
63584
528
71012
49158
50624
35737
49746
88840
60240
26900
36924
70767
16696
93576
79029
96887
9357
3171
72605
70554
19348
79724
53359
56375
69221
61732
49526
22846
93451
73727
18239
96635
64295
77752
29641
8381
32372
60886
1913
56226
99270
44441
81002
17089
38764
51776
9442
53523
24692
74075
37632
38302
8685
7816
70386
46592
47624
57197
33443
68213
34488
95568
88176
84164
33464
93334
61051
41612
71499
97366
60921
4423
51775
62970
72423
14136
15595
77073
25434
67510
13592
2067
53779
35797
48475
26035
53393
13165
10176
23226
70912
66633
48930
77925
54127
67503
20503
66237
94143
28455
61577
26895
35224
45705
84991
66824
84790
5127
11770
68399
53216
53556
86267
88607
13689
81265
22626
20223
83439
40178
27921
56095
76465
23505
52527
49169
23710
6382
90568
75202
16888
67393
90705
73876
34008
89406
12106
96569
31835
97540
76157
41902
37753
7202
65602
1137
45462
52742
16613
90849
71506
92260
85663
27217
28891
4511
47616
3240
36834
6999
13583
23288
6219
30031
72328
68920
85181
55321
73572
81377
81530
93729
95863
53569
16617
3091
40530
77695
79919
54025
12392
13645
31676
98485
67054
27875
3969
59368
35324
77213
50847
4892
33776
23347
17178
36164
92529
85777
37581
7278
48849
6098
64919
88850
65644
5246
948
78106
19885
72413
48038
23310
36112
93623
15122
49371
26562
32137
13095
51071
92100
63046
18168
91027
88591
33672
56811
71381
26321
53233
58410
54354
56757
83779
41623
3052
12705
4791
34269
24845
39257
56702
34049
71625
13025
81330
90103
46889
6495
92728
61937
21145
12831
91541
96339
66287
11888
30922
70145
90902
66636
5837
82201
26967
69908
95557
74525
28131
36954
22210
23817
51712
88440
10390
93284
13005
56958
98836
62641
47443
33353
69540
60260
44042
83695
5215
34194
2693
82743
33229
74433
67835
40548
76889
89598
84147
85043
7086
59246
95883
39354
18161
67964
36997
59184
99354
25681
24463
32396
62544
46978
12589
77477
7455
24739
52133
68760
3385
43289
49383
76776
93286
23726
60375
23744
79305
86717
95672
70964
15858
31981
24439
2214
3033
37914
35121
77060
30525
95822
95810
69358
64793
7535
67179
63093
32352
94579
64319
99295
74261
76270
14506
14023
23369
54412
56127
22082
14289
12442
91868
41564
91395
99422
53596
86497
99214
90087
89433
73751
26100
10494
80347
85480
52293
50652
14306
70590
45464
56470
72652
20199
66568
90484
24579
72856
45065
28383
68070
2350
47749
33720
850
41040
97304
26917
25421
99311
52164
98182
944
41583
38642
75494
31630
24416
46982
89709
75908
89189
1341
20722
26911
24693
48166
36782
90565
38816
34458
73516
27777
8361
67353
15964
20719
50418
22530
52486
53855
47606
11983
1468
19977
95759
87275
75369
92046
70615
31025
58149
55591
14668
67810
86602
48269
66253
22434
15329
71556
97473
6480
70837
42852
91639
74625
46858
33925
75463
80023
73542
39590
90967
94595
21805
89978
67899
36660
17931
18417
78548
23290
63177
12638
28312
73308
24259
57258
4082
11538
23889
75988
98688
98496
59137
53507
94747
37552
22693
83626
72244
76235
8520
55702
68057
66259
9468
85303
41878
60576
83472
57512
63833
85365
89245
21757
22798
63262
64095
61641
44073
33929
24065
95049
48545
93054
80593
69713
63673
63772
18931
45040
5019
86385
69585
80450
52958
5813
65263
48338
70022
50180
22396
95082
23274
55542
71141
80505
91056
31261
4612
9535
47893
97786
14486
57272
87145
54333
31275
91138
32982
1559
72342
77037
72610
15037
2691
68127
36106
57531
53064
57089
98894
23219
41204
34665
35052
61393
69701
65956
78436
75628
58518
87968
35674
72347
40181
97075
61370
3761
19954
58604
54486
59510
81971
32244
18027
11492
44388
14240
51490
12667
88652
4662
26386
10625
53243
51802
4162
40186
53600
91892
17964
47135
33655
17503
75069
5982
59839
11792
52698
11214
95306
68193
49628
39566
56269
65625
59420
90617
45975
76986
44777
12423
88159
11111
64630
95011
17814
78032
18833
92612
76219
47931
74190
20235
37741
92305
80258
9592
80091
50882
47147
41737
99672
37014
54445
54129
93514
36177
49559
86480
59681
11297
22308
16084
23621
32711
21630
24652
78632
9344
41501
9765
31546
19055
22956
91907
48731
69097
79084
84862
14956
75389
92978
81366
74846
47966
4588
54644
59340
86958
93122
33438
14213
6344
22775
37751
23681
83466
21422
32209
5109
95358
21449
47887
19617
60035
88812
69436
29126
14141
8384
64994
65141
98645
20660
56840
78083
44270
98462
82635
81208
38374
8863
43543
48551
86564
4357
50114
12216
4997
57418
45285
32993
85661
9305
43672
40051
95532
52945
16617
34832
51934
28385
5977
18747
82751
65043
81587
64584
53946
82182
26537
21746
76140
14996
45997
4299
1673
54546
73193
12238
83242
2518
30652
44304
24178
15218
64754
15253
9692
510
43614
4447
88291
28820
86551
90050
32653
15221
61004
16691
31349
96297
21124
38206
48723
61348
88342
41686
60075
29892
11874
83943
62607
68758
52331
44743
689
46872
11442
36043
77768
22137
67824
59447
84190
23293
58703
14285
27765
3069
76838
37671
61364
26091
36367
69855
14194
15538
66982
63179
2205
54908
98528
29926
23270
91022
61445
11209
32141
23886
90124
42617
70885
89413
71218
66554
54948
86303
74167
27682
18474
1230
45333
90312
80651
50126
56061
25946
27354
65124
55920
97230
70099
49024
13367
52784
41477
92994
81695
24219
35707
77721
72500
91459
37414
66309
10457
12910
85577
23806
96034
5379
78432
90606
56366
5786
45197
39545
15076
70803
43584
39165
24584
36803
96771
12692
62714
25161
9215
77174
63084
52191
17167
73244
22718
73932
71967
10943
39832
25174
89696
41151
19075
19189
52555
75648
51748
31650
47631
24782
8118
60430
46617
94817
75875
70735
26399
43419
85951
85141
55113
62542
62081
18747
12668
99452
14110
57305
95588
82454
54276
19671
17342
28197
89648
84059
46335
99975
68172
35651
31780
76561
75368
56111
58424
92532
73300
6357
37979
90842
32952
5720
61205
82767
6385
42003
49591
67388
44648
57326
7209
3630
63439
59987
88086
19797
52539
57083
8977
40617
84729
66914
89698
7143
8687
24121
40336
18041
2800
17658
99789
94548
73978
56917
9849
13819
71664
38633
77140
75329
92943
527
44419
75819
49360
51280
93181
28179
66585
28983
8787
89993
87904
1857
4987
18548
34685
65265
78168
42006
23658
80928
9063
60942
96409
29393
77447
92951
91955
14403
81446
15758
5673
87263
17381
55249
40728
20018
86535
67042
59806
15316
4283
49227
39251
36806
31427
69147
83783
94043
22081
28334
88694
56077
48029
20971
64746
28688
94805
38151
14733
55940
21346
82312
94728
58948
3010
75972
54397
81371
79304
29319
55198
74742
3772
72722
76905
43316
81424
40065
72609
80347
12352
96517
4489
6372
92452
28784
52991
67446
99574
89776
56946
76272
46779
51218
45666
47776
8528
87048
17011
12177
39667
89349
19693
57825
55242
76900
54355
39376
51635
50761
54142
77268
59882
98047
40758
78314
65456
39361
73004
93671
91806
85364
71127
23244
57990
30001
86825
85368
48098
5537
41293
40471
63516
95200
65535
35736
93913
196
94824
57917
74787
27255
79316
93195
94353
97792
16242
18049
31285
61665
91591
18854
81602
74873
48943
80059
78167
31625
55282
6479
23437
43475
64223
26129
99385
16222
94952
10432
50910
8982
1145
43775
25010
15761
28246
82724
36331
18508
82800
69935
83398
25364
61795
29304
21620
69089
31055
61409
34178
97661
3345
62571
46435
7266
37982
76324
95228
13440
58875
50013
35947
72990
30300
51738
65717
85432
87511
81859
18763
59495
86020
24216
72504
70239
73748
15585
82634
44818
39946
81603
16154
81489
5658
32334
69530
1874
35613
81011
99450
50733
62734
76627
50326
19360
41700
5747
51008
9235
44237
63916
65125
76502
73091
81438
10687
83750
54317
19748
62999
97710
35413
54755
98004
62282
70369
21949
74436
38247
58512
87010
81894
61542
86291
61318
53810
37952
89990
24589
71494
99332
28106
70530
35213
50235
11776
65991
1006
12236
69956
96903
43055
39291
9379
50631
18531
20908
1850
66076
15799
2149
73100
24822
94613
89074
14080
20473
81939
18114
28085
25100
51772
87887
86531
65258
92984
54491
23952
5430
59546
85685
78347
81996
6150
5147
19720
80659
54301
95674
34776
33038
94278
69616
36741
72145
52603
82035
7
21105
98989
2122
71078
61044
25013
80633
89516
78632
76633
9114
93766
44464
61046
16134
83255
36344
35408
74612
98009
23241
58771
81752
19761
96152
62533
18413
83661
39321
52427
47501
7965
20434
99477
70076
52140
86666
93798
86661
87801
73920
23427
16220
10486
39191
78872
60579
36284
97487
64545
87144
12617
46543
38460
97868
13048
13022
15369
89886
65531
89586
29050
75685
84726
79712
65437
23228
57531
41457
69955
71928
80574
24469
78540
34086
35029
36945
13969
41167
94670
43380
84302
82781
85613
70568
46314
76535
17760
52740
78180
77640
55808
32190
66908
72766
96262
63294
21307
35247
35368
74061
62272
7222
20111
91628
11463
63226
82934
20034
3704
28015
75041
29101
37514
26710
54328
10361
14002
21567
12862
43630
77676
97424
4978
83043
49188
14685
92577
62897
59042
16375
85382
56579
30640
19714
46112
32489
65481
41213
65614
84140
50495
95654
28617
99516
38985
5078
50238
23909
32231
91016
33670
9151
45492
22200
12388
32804
10407
92646
70555
72509
79078
61881
71498
19766
55367
26400
4133
42800
29188
13204
98992
64277
30331
96825
46970
78246
78335
88579
4276
92112
55518
96438
40077
4221
55024
61957
63435
96966
78137
95932
99912
21190
36123
49881
97159
94986
50907
34645
91825
44165
77549
94849
68528
13632
57567
20587
89224
48942
53312
3744
38637
87102
36747
94891
52677
3210
23860
90460
17946
42572
3565
37380
61628
25711
82549
85084
39953
11651
67710
75557
93050
90059
84057
31050
28931
9841
25825
87905
72518
27322
49600
945
17726
21683
20770
95374
27555
12266
63892
73343
47558
78682
91896
30625
67722
31902
49320
30276
98045
99526
85669
6355
39794
34375
539
57777
11197
85229
56114
31551
51210
94700
51092
15642
1946
87124
82262
8929
80730
60355
68101
84660
6050
56180
27246
46487
9863
43125
59113
12662
92126
66646
77443
58147
90894
84189
60903
49052
29744
80695
41193
60647
75686
4041
49487
26335
44277
6660
59099
49672
18560
83799
41241
46781
34210
84159
11842
2892
72968
39353
60619
5367
52137
78327
99853
56475
76930
47761
83345
79565
47826
90867
58776
29664
88975
31157
29636
22115
22404
42760
44455
57480
3336
24139
85446
42400
12123
70109
99721
15681
8447
63246
60450
30953
88433
30030
36919
19964
9091
52295
98382
23402
24791
36678
99220
41100
88506
49363
25289
1516
13626
54691
74412
24420
53765
15715
62431
13407
96928
91157
79318
19452
43521
49655
10818
56466
15018
37662
3668
62573
21507
55042
91696
4885
90802
23539
82192
50735
7417
31049
15985
77181
74508
91609
76191
10145
17133
6691
77912
66464
75302
78408
14079
80097
97346
54841
76575
81556
59113
39979
85241
43119
44855
91463
21869
12564
68823
30718
49441
24814
77377
23641
92465
66554
92237
52302
75411
59139
10930
18862
9925
32742
17760
61276
68438
61012
82262
78168
59917
77877
53601
185
5946
67465
11538
49434
69271
38281
5819
19019
64795
34381
29190
36136
97819
2855
93553
16934
51389
59757
65097
24554
90170
68948
96738
73972
40879
50199
48337
1752
86209
27223
17703
85037
13482
56221
12266
15102
45380
91962
20401
51423
77681
81423
56667
32730
71749
13833
43629
76262
47697
50404
86567
93113
65740
25104
73793
76692
82367
4561
60199
53405
47470
76352
53230
63274
76766
12271
80434
61145
98664
59722
25102
33916
69976
98649
85590
37010
35970
40930
96852
65553
81698
22219
91710
58271
28334
24669
50576
51553
38202
38724
35404
24010
76167
37714
29066
61428
35402
21124
29789
4781
62645
55933
48740
85641
72036
46478
73226
59605
82726
57047
94171
97868
94885
17958
42851
36866
7508
42238
39876
47805
75252
83892
47795
22660
40194
59699
97584
59088
42625
87551
19905
77375
20672
31190
33418
78279
27464
83667
78346
54631
4453
75660
41269
34745
16654
23611
36330
15588
82354
77241
82192
18159
16256
38406
76050
53519
35443
93734
15636
37761
61784
84933
74928
63795
41790
27067
80658
4764
74233
18795
29100
65004
75603
40293
67894
38014
68880
61867
45574
94763
6268
92497
66025
55320
92211
88317
17211
30447
1452
94414
99368
71083
72643
8186
46495
16876
4386
70415
90416
35467
12907
68091
61378
61960
28452
41830
86259
62783
18528
7261
81133
12728
68390
65130
28289
86942
3712
5214
94467
13351
32770
67441
32674
54162
12981
90337
13570
78128
72703
30806
81944
69112
52849
45062
22337
93566
62829
30644
94112
44126
3761
21394
89362
27250
98948
2344
40207
67012
63900
95821
15455
49597
64330
68818
72982
3195
50147
22686
91854
73537
24651
15636
7519
87528
98368
5521
77118
7315
31585
56561
78767
75905
73497
95377
19016
46716
62219
85903
40612
29422
3195
96141
88321
35251
1591
84565
32695
96105
84129
71318
14709
62788
54490
30253
13433
88766
12844
8063
46123
83595
10931
3650
16758
87051
69642
90332
75557
32825
95278
32419
5686
37984
4689
15491
41150
34222
91997
59806
72441
52640
66114
46253
25547
60
90334
75749
79384
75006
71848
97237
14685
43242
83001
20140
56201
20672
88184
56183
59707
36718
48833
15048
80569
45791
34033
77906
15498
48049
59440
61200
785
51716
48571
19782
3366
46351
51949
60832
70547
35180
94249
34870
55048
31380
48551
94097
11131
98053
15672
99463
11967
8479
73848
66402
49280
52910
67280
95199
26809
27234
76260
86865
5874
39162
99871
95558
87161
77023
61721
35010
68027
64141
13251
37735
4383
93580
2831
4118
73152
34525
28190
23727
23141
87247
12135
44757
33823
73426
45921
4685
70014
18755
34734
93284
42608
25541
34084
24976
33496
75473
6616
3151
46598
78436
90825
28780
55128
26423
96326
70496
51405
72940
33022
57364
67170
32004
14499
32421
95115
84461
15417
87616
22831
69593
56096
4301
33504
19658
38011
45385
69174
3785
73437
61355
94344
34037
23024
80232
50406
5913
18401
77617
29845
3607
72811
37658
69160
69440
62846
60918
32279
49957
3500
52286
94239
50087
62576
84272
10614
39563
98939
96404
99080
75850
2364
12314
99699
7973
72331
35679
44604
55701
69587
31439
34605
83584
37818
60228
93835
62376
19854
35628
119
10077
85741
34313
5249
16947
74385
97073
87492
41006
11382
7126
38051
93018
26377
71168
29470
49207
89008
89430
16208
76817
58672
71836
22440
9741
26206
6742
34593
27968
838
23723
41312
79962
7249
55941
12971
63391
535
9140
19393
88790
49953
96018
99801
80315
50969
32609
55994
58831
28656
32273
13076
82607
66412
20030
8186
74818
43245
70710
92157
63883
38586
5079
87718
79519
20556
89943
68847
41648
38262
63901
97278
31112
90415
92653
60831
36146
99615
95778
93533
23153
40546
32499
33629
97076
21467
13591
15192
44545
66776
41413
86546
20494
35806
2837
23579
56208
36241
33474
52898
37994
17218
16593
11825
82215
78614
70250
77609
15266
83182
66757
51099
92450
84856
19809
7775
42084
26610
27469
33941
99536
51606
38761
74998
82926
96070
64359
54326
38865
85973
15467
42136
72977
17680
5874
83949
75319
31239
50990
17099
74289
69692
2511
58023
65445
89863
39070
62798
67810
93379
48003
65285
65522
65561
22630
84955
31820
91431
83474
69960
68167
80044
83158
53093
68648
84466
53125
32615
23868
35417
22141
71385
54241
43420
32420
42453
32030
68867
19535
56286
43156
47140
83900
91997
75660
50006
20415
5847
63023
92179
58650
28519
74485
81097
7686
38653
24629
47582
16782
76466
67515
94590
57658
67399
54583
48003
53961
33529
21714
27999
84983
59427
3868
89640
97502
18577
86593
42848
10841
61340
22458
49632
59748
19654
65087
54113
65055
8052
95770
5863
72465
54499
46550
42411
52489
97224
78871
53475
40576
27177
15972
1072
75547
41937
58719
81027
3820
86548
44821
11532
75031
73087
96144
90113
63410
15578
60617
97992
87110
48350
76763
33697
80851
15149
93780
1043
25871
74322
41060
72721
21807
32182
60664
8009
45054
9244
8128
32201
42698
27194
23180
46638
23966
4948
17302
31146
47978
16598
22680
22577
89759
54606
22942
50753
34166
8068
51062
58411
73808
28568
74276
67266
61144
10710
93298
89375
90181
51991
709
61903
508
6135
38442
16409
58610
84239
12239
23312
36910
51311
79759
38097
69325
79770
78021
47481
21247
42429
74370
57159
5007
27213
65625
38953
36960
97212
55895
82726
49459
4408
18608
84263
39557
87104
42804
32835
53589
34276
79681
97957
56452
38680
80722
24636
76148
73140
54389
91871
22163
17099
96219
17018
93297
16422
80904
76378
57644
15549
86218
58705
3277
11217
35366
28391
7851
89449
94605
60413
44622
67591
57934
91519
88974
4773
61126
81317
58202
75025
36690
57382
88692
31811
91077
87130
15385
23319
62517
50729
94270
21676
65679
46133
45623
3416
88107
68290
9393
46597
35642
52830
35711
8683
25499
8400
40562
61387
18862
37281
80064
98086
37952
81185
68839
21144
49093
82712
1324
62260
49987
72043
29244
28189
74538
36966
53043
86367
51170
88588
52955
43784
98654
1496
11980
24614
58700
76814
6162
72029
24622
60612
28269
46629
97250
80070
86385
53150
36445
33451
23149
50674
10167
7442
44489
5381
22016
45656
96424
47451
91377
24121
79629
36614
5053
42815
6874
23498
37221
77772
96148
12496
52394
27169
61186
11907
44382
27465
80820
67146
82260
65285
96225
29122
2614
27092
87240
64152
1940
79198
95256
14400
46746
88157
17899
69012
9179
77321
54861
71533
23017
81503
80570
55287
30311
56557
76102
65108
89718
71772
33142
59792
15659
63098
16875
92827
58433
30371
59039
80840
86827
65356
51208
80354
30242
37996
82905
70118
30908
84008
67688
30753
54430
58905
7402
28486
15304
55163
20826
13772
50254
32181
21209
8450
47624
83168
14608
74576
76063
97877
53393
22156
51271
75224
24187
14197
26156
82043
39707
34223
22213
75472
96143
17211
80966
51375
25895
82130
80561
11872
42629
21311
48012
21318
11907
62966
37582
77321
6035
22741
28626
9182
45569
61077
97294
14644
18517
88556
13406
56957
74261
46947
1945
52023
48072
59759
13286
28246
14741
65518
32455
68144
59689
6304
44626
8901
95447
21888
51969
36041
30681
34461
75648
66288
31061
92857
59939
50228
31739
5661
44986
44390
62987
59863
8221
43759
73652
81137
28321
90017
31703
8239
91213
53343
57290
23141
17478
81413
92952
60755
93061
8694
23078
63806
66219
19328
19952
25643
82123
51406
44337
46523
72581
26986
51938
45950
53619
2572
10713
45077
9724
73668
20883
81320
28103
98208
22893
36896
86474
59130
73484
63075
36127
77282
79325
99562
30167
65251
43478
87552
86089
65172
72090
14201
61923
82077
30780
19852
65281
67652
44475
78543
74268
89299
37676
11150
88377
29928
69462
81447
82370
89049
24214
52421
85906
72737
47362
90966
97162
77676
32842
75659
14113
45242
77595
16748
33176
32884
1918
88022
58635
44425
76381
23507
49923
22370
67846
6227
70728
94410
1448
60876
51284
84468
33817
43564
76003
44744
79002
6582
83686
29870
95762
21441
98519
57302
60759
13417
44903
19169
62668
98255
97907
57007
11140
63860
60021
85510
62405
87630
88727
76507
83495
66820
64258
53057
10779
43788
53012
74091
16361
53694
7952
99839
81617
28949
51888
44314
6579
546
54005
27290
27851
19116
73919
50571
67316
18344
20728
37810
17549
48656
41610
80143
35448
24644
48561
71571
29375
77018
38155
24094
13010
22050
92812
64755
24203
507
2927
66042
64723
73292
64518
3218
87453
16864
48530
81681
20591
6721
15662
66265
86754
52783
34342
10170
97375
70014
7685
99998
65289
3401
55403
65364
22233
49750
92830
64924
95108
82312
85240
13100
33561
14459
74398
28733
68231
15104
38384
40309
41660
80085
14652
22129
70632
7967
37837
10351
88191
70662
10242
60598
55133
81838
71705
88706
30691
78894
11241
69680
30912
46607
39055
15330
94252
59171
91040
45999
46734
66399
79774
30890
30301
93590
36934
82925
73539
30195
84005
3075
81469
98674
4043
54479
29247
42428
54648
78780
99444
55390
24723
65633
38307
64837
49497
22832
83854
33816
63026
43420
35444
57553
96319
97637
45974
77913
25776
71266
54295
70815
99058
87081
60380
44181
64485
73885
4882
69160
22092
72117
15791
47449
28862
65093
91281
60765
97817
64971
49315
72717
46006
57177
34814
43211
84247
43482
49068
14770
32957
99330
92712
60152
73526
36918
40769
14179
35412
24981
97948
45349
29369
10498
97753
42837
95214
63887
4334
43883
30931
14727
24144
9080
70353
54168
25713
29472
18731
95164
40547
82229
16562
19203
17530
84081
52311
42174
87823
90991
51452
58922
15264
20007
97508
13270
31381
32100
79881
75955
32350
20900
78508
216
71481
43659
24710
59567
27759
87716
41341
41824
28606
4086
95795
31575
33809
46078
96025
15732
35467
88431
40256
11535
81730
58979
44432
43142
42472
52316
60017
31813
28262
18331
55655
50481
80673
2172
55771
16721
65374
65612
68563
5273
26433
65257
88292
18548
60785
25748
46014
92749
64760
89621
87974
73306
13415
31468
75425
90918
48278
2351
23755
954
63848
54245
29512
75879
64844
8797
89618
28146
32417
62924
50609
34716
11569
18657
88104
85741
54718
6471
56908
31357
3259
46038
99088
64191
25553
81334
58331
55594
65633
16754
53467
32837
20905
50037
53203
48142
79264
10051
63632
25094
29947
6390
65753
47613
63538
23508
56997
75670
54781
34121
54854
2199
16087
39975
23267
6032
53765
52022
59907
8805
11664
62105
46085
85337
98381
11487
30989
80441
38814
49347
67385
1858
55410
69281
15921
78640
83207
5940
40061
74084
52304
28561
10448
16176
85265
62938
91042
99811
61127
8832
83260
87340
77253
91992
43116
55436
6233
31608
87257
25373
74508
93807
57616
31480
97640
91902
41436
9384
88533
38455
31125
73097
62940
57008
21007
73724
11565
53700
81907
35082
89275
20486
13610
20946
29572
89859
81366
99249
24303
79123
11995
21997
21806
9884
84090
27966
95875
46787
51487
38842
59327
72495
76944
27291
54885
62076
40230
34062
24750
19577
5016
86011
15493
50623
85266
55500
69138
23310
69701
1469
31572
43333
44696
44446
31623
93117
56828
4359
93894
72132
28477
34649
7466
89873
96596
46477
51088
69928
84505
38683
98104
84652
92182
74185
33705
92220
73271
93230
48627
49804
37470
19682
429
62721
54866
66884
62204
93864
71383
64743
38037
48019
58778
57818
30713
9201
41539
85203
32799
65673
4844
91287
53104
72179
21713
16136
8748
32083
69789
11948
78922
68403
58020
78101
79548
62780
57200
95443
11921
48112
44690
55634
37651
59143
8442
35505
41041
74691
3586
16097
2648
18066
82628
24661
37562
28385
70892
39532
74672
3544
72585
3225
66107
73845
60220
66987
5318
41096
23347
83806
49288
24392
25296
53181
2118
33009
74369
41873
76565
20091
30837
69131
49053
73336
25572
52938
93913
15049
15661
67722
18906
71101
89053
69449
68395
54792
33323
27959
20112
79900
64833
50361
98376
21062
63220
91514
42193
64647
11252
90511
22570
29453
40575
87429
19220
43598
54801
83754
31793
59841
77174
87412
77743
5177
85055
59954
31166
63582
34291
94061
88284
40457
92445
42522
6963
14268
37859
26911
96984
16797
5046
87775
81556
89389
91077
12516
11711
84520
24845
28360
9000
93659
62732
19296
86865
86909
85779
15078
94775
77324
57656
30177
64304
64805
65003
55443
4685
92768
96449
46879
5119
41189
34796
46741
36022
40047
32140
24475
10308
67579
67454
38937
51327
25612
22770
22753
57670
52127
68571
12826
15067
65094
22304
31976
11438
30404
65551
14265
40155
37764
48689
25742
60042
22486
50169
78436
76628
66630
49109
58718
84613
88730
53863
45745
44317
74185
83982
85259
8624
18195
42397
61825
50989
81056
4429
88724
39868
8345
65038
76159
93601
11613
73817
28928
61
12481
86401
10976
6739
22344
20231
26721
70312
42746
44397
84995
34947
21572
16738
62226
40661
80844
68316
27696
37874
61806
72964
55579
9821
58136
64363
95898
68482
38719
16539
80105
37244
86972
78600
67743
30583
59175
31013
66200
79695
62894
58418
79396
83224
83954
60403
38027
14775
26590
1180
38427
91341
16932
18345
40687
72372
13462
23914
80414
93218
78942
28124
26078
6603
40059
46162
42643
14019
57400
3794
9719
91840
28170
82556
9415
94782
45191
33893
50024
77436
37149
37762
23157
96867
7446
1984
50822
40679
33446
71472
86750
65414
95086
63647
66417
81166
72177
43844
16176
65403
44687
67987
50035
74942
37763
30095
17090
1497
53622
53179
86623
2662
52831
37041
48211
64568
33784
15436
2772
761
95837
13952
27247
40786
58179
24394
9784
13001
44498
99297
35884
5412
64865
45516
23871
19117
32941
24173
37030
6766
31349
52283
13731
63675
97109
30573
53833
67758
95325
76626
91371
1774
39342
27518
69061
33769
19792
72767
16998
87296
63538
84558
19353
6018
36288
7744
76078
68656
71706
30268
27274
78784
99447
92967
75240
24989
29365
19483
746
15916
24891
3062
90592
83945
33421
2479
89971
75408
51083
92355
85263
36983
97543
6701
39851
18424
10816
67733
9526
1229
32640
14367
74496
57556
11887
12516
21922
78546
71378
14366
21195
42228
47588
71164
96808
22480
9807
15605
77582
35754
99814
71450
33607
19474
55778
65156
85464
37451
20503
60333
62539
2759
24339
99482
68253
95438
9170
58326
99877
65693
63873
27226
12512
27434
78157
19880
54165
58182
7015
89942
86698
3548
65047
13480
547
86646
1497
30071
80721
71230
57592
53837
24895
21954
87558
31506
80404
9521
44181
29760
63622
96034
64117
55379
16924
20019
93610
75005
51069
58511
62121
83926
5498
44873
55216
5488
39189
86117
42271
1800
69165
63702
96951
53240
65031
75234
21197
57866
99099
34849
80586
39527
50616
17540
57218
68334
29428
94579
80847
81312
39027
34543
93514
49751
96243
53686
82118
62583
75507
4836
55881
76989
56510
40662
97095
67764
42968
27531
988
70246
51587
89475
61574
45839
15022
48937
55645
88526
6363
88301
19312
24565
18828
55658
52926
88351
13961
15910
36397
97729
82288
74776
26282
93881
78265
72131
59998
35395
36325
7137
71081
89035
45123
56699
16541
26108
37374
99828
30682
3959
20295
75622
46177
61343
81786
16356
81015
73617
79535
14462
49881
2098
65312
90115
13239
67872
68210
62049
56910
62634
86658
31015
30213
46428
16813
46444
60131
99410
28059
65673
17643
94829
31945
39233
18198
53220
54803
20929
17772
89586
65370
29601
57662
63341
14263
37482
68514
8183
12956
1459
94732
21261
55107
29572
54310
96797
66966
6523
88972
45204
39418
46988
51142
75701
57496
93730
41635
45222
78473
36613
1998
4165
53694
14804
26896
32792
49513
33906
2082
55585
23724
99965
44620
60304
34844
32825
1087
38290
50449
80331
41836
1640
71661
8801
88575
64242
71174
91151
98843
46762
96562
79060
85363
88526
89198
53499
87234
94101
35531
97949
74760
3138
30677
80676
33154
56790
23777
90635
98245
16416
86131
47137
57494
58223
21994
47980
137
71177
68616
93609
41044
38612
38273
84530
8495
5745
71615
54841
13514
97160
4624
12209
26411
52447
59885
20715
77506
34532
82983
15966
62731
490
73392
8800
59520
66448
43907
35409
47064
45724
81874
29719
63296
69767
64714
48995
91636
30642
8037
79410
39003
29943
30955
31568
16092
54810
63654
55224
12096
19806
91873
35158
7366
29492
61307
77325
26204
90062
29550
78612
91809
44145
24375
18106
94709
43881
26401
84779
98041
36982
56115
42315
73736
86437
33138
35648
12241
6137
53620
6796
34096
81416
72739
8407
9352
96194
57609
88715
83648
93420
73342
46649
78199
70123
34700
89177
54501
11932
81179
27758
35823
15872
61598
42440
69766
54261
25208
28899
92925
4736
54508
51373
83814
76837
44737
88069
98856
82457
88430
21439
20446
303
42311
15460
14607
70959
50308
8566
56005
25541
94250
31280
77836
47061
68505
34508
7850
36748
79826
97471
48949
84881
71330
87551
11221
78971
45359
69188
76760
85628
68893
39308
7307
90811
72958
39001
23324
7488
16564
725
76521
23560
60260
57814
70948
14008
39993
14716
47398
56333
58098
50198
97036
27730
17514
44229
15731
94508
34177
6777
21676
10576
53419
22615
52731
88852
94965
59068
76594
61570
89232
72315
76997
15784
29500
59202
32522
91981
19154
63643
81519
61598
17038
14478
28567
80710
3639
9924
66450
81149
13132
27206
89656
85527
31468
40036
52930
49341
81442
26449
2630
66361
55916
82891
34733
69130
36038
52761
16178
79928
51448
19086
38969
66561
32696
83562
66505
72498
34269
96639
62983
52657
10850
90000
68561
63671
72179
41494
55796
7067
42360
24284
5323
92394
36507
39306
93205
52562
62678
87872
82993
3485
28830
55224
23896
6203
70118
2382
10710
34585
22002
96475
31431
19246
36345
41852
98091
63027
94325
44625
53701
39730
77227
70050
92310
58327
17041
64444
28688
4612
27969
90169
91034
61761
62809
79134
53439
78960
99787
21149
40499
3967
53000
69019
73508
97558
27556
90220
4216
90192
3398
56666
24937
90758
69071
54341
49434
75495
46212
40612
61044
8708
73561
65417
43169
47143
79196
78915
98532
87204
11836
22077
54643
97832
57172
90660
48979
72334
71159
83622
52110
55184
54009
88053
85747
11963
43320
23690
70731
88187
99878
98343
36019
7445
42804
60853
84027
41588
41788
58348
6202
11866
78635
93745
70507
2072
11593
89
51464
80506
98983
62444
66305
70169
95779
88869
92889
27604
96923
85718
71294
31385
73644
23240
17123
24668
23205
88095
4283
67690
48685
6812
59668
72472
95022
82365
75086
82740
13980
5727
93655
75901
72038
18339
12740
4687
79128
75119
22189
85590
57770
54539
53766
13156
10729
46603
30774
77437
32960
54477
95990
34479
39299
86552
69000
70368
68791
72453
86128
78623
44129
23929
56979
52861
61290
85776
4651
73812
42667
10550
46693
31973
1787
87694
25016
1920
6962
68566
57505
77564
4057
54049
17119
54343
90353
24388
81320
97239
72476
60749
16102
65822
73387
28172
16082
50460
12261
64182
66571
2958
93201
61950
9043
72581
65729
97924
50087
71090
52955
32298
23608
24924
7556
50657
85131
21972
8107
88067
9001
32480
45392
10489
78947
52500
63983
94428
9511
46463
40973
3064
56759
38176
71102
77293
60748
88761
15760
19983
5383
97628
84215
48974
22479
55747
44630
38928
67180
95260
91335
63289
6335
67488
55079
80684
48732
80229
33
43052
56293
68361
30069
17724
96804
85935
39109
4644
10148
42150
79036
3253
71021
67045
21275
68131
89242
31731
12482
79089
99353
58338
57815
84555
98782
71644
94549
21292
44740
90101
10292
9568
45761
92256
7217
51588
10597
98398
38267
30154
55503
84496
49306
44920
2284
1486
15867
6352
17645
53329
85083
26058
16995
17386
74288
35869
48122
34261
55279
74205
53999
9896
18813
61022
62576
75174
7350
1846
5070
68049
20115
46113
92193
87323
39164
63422
27673
76029
19818
66614
15772
11968
68791
68829
48673
45881
17221
99602
46279
15538
68712
92961
92818
22371
89232
43111
48516
77120
80694
44533
56532
89836
78723
50669
39630
78539
86200
28809
40519
41717
29181
99612
22266
51974
74665
91184
37572
64498
2443
95342
67065
6166
5267
50045
76833
23785
80608
52769
64882
47378
55719
900
75243
28883
24381
43027
93226
96995
74977
35263
82602
20442
14600
24932
90301
33061
29190
50246
44770
83033
63830
34199
12003
44996
45638
77365
44526
61663
80546
12592
79086
37023
78684
25257
24645
39371
91733
88662
92296
90472
47499
44995
25111
21040
30686
74066
19479
91842
38176
5283
43470
48050
51801
61198
46779
98209
7700
32685
36431
62791
31626
34231
99020
55565
89865
32199
69784
39927
5920
92603
33150
29726
93034
94424
37825
81948
7860
46123
88190
18369
54477
13419
47933
32418
93449
80442
15411
27345
60178
95465
35352
75047
18763
18235
31616
55678
31106
76130
94840
23836
32210
93670
98110
80425
44658
33380
24829
80353
25086
18067
97412
95205
47935
95713
82434
32460
59898
51996
94113
2487
12050
88653
87420
81219
2714
75551
40125
96663
2619
57598
84440
25756
85535
34074
25949
62220
73400
13994
62910
53444
83311
82125
2398
40851
13740
971
66674
41589
26111
38843
42999
6201
70474
82718
38895
61245
76139
69128
74649
99516
2057
29087
92332
54077
37978
82683
20272
29229
68974
45326
8377
69799
21436
90557
70272
93680
99367
74508
44992
60479
23469
56376
75466
13433
58092
72798
53798
75515
20529
95417
52327
66256
47422
45864
21000
16259
71703
84590
11881
88590
87306
12147
6561
27344
5945
27592
74558
36701
69925
73704
28256
71152
82904
57498
96494
45820
47918
89042
94452
47520
83809
14903
78074
7224
80368
16287
23234
58864
95244
13399
60989
91380
68287
44991
35146
37922
91993
19538
19404
28257
24792
23107
30503
80299
70803
54851
7671
71142
75843
47359
84749
83920
40559
77253
45799
48984
55218
77031
49227
65994
54283
66169
13408
8770
51137
87061
50185
36546
25457
23006
80606
6239
3605
14433
36488
24629
1011
7575
77369
42586
36127
31463
3622
59376
58446
28200
14755
33844
24728
73444
95513
57940
42281
28377
43750
51614
12836
96057
529
77267
36564
36849
25384
18362
59889
80710
96696
12752
19467
32635
1544
30333
5463
51823
61235
24323
47283
7268
19200
65392
26039
11994
37791
13650
1817
32474
58274
4202
18621
40975
44950
70073
1528
90318
70973
36663
24031
66262
51370
81922
85073
29714
24024
45780
99069
17660
85254
59277
63345
63708
63891
14831
81601
48654
78162
7881
60368
51873
13674
86987
13790
70299
35789
39000
17774
36698
83603
20058
99315
52597
83890
20239
21303
45153
63772
27264
55367
65712
77269
68435
12670
63284
91248
71446
53132
87746
76261
77820
76930
37585
44561
17125
92989
73281
23529
4917
79885
26936
99932
26534
83777
12839
37765
56537
64049
18636
72714
29128
87272
75025
62932
72631
44203
80561
67051
19273
21226
96603
31277
15087
17410
92175
45258
63387
45389
78021
60607
53043
16295
68621
9006
36928
72285
7601
75542
48454
63860
36214
80404
41454
78420
85665
90230
37823
23695
61911
68631
28972
89073
97981
45980
90983
77349
20958
5578
84434
77346
95467
28034
12566
44945
66844
71131
83053
33500
74805
21466
54521
68052
78660
20208
49624
11423
66982
27151
37519
15676
26857
26186
21187
11828
45580
90697
72518
703
98499
19142
90383
74480
49271
41127
84514
24287
85002
46328
1871
21776
77304
95108
88087
89925
63577
25968
37128
57405
11811
56532
36265
62535
23788
84823
97937
13607
77324
16582
53458
76772
34369
47568
9747
79595
16973
47233
67260
21348
16410
27001
24842
60175
46334
45096
87970
92442
15545
59241
46434
17698
11035
50168
37907
20739
38467
1489
94555
82975
84450
5319
81807
53319
3261
53437
59557
6248
24337
18916
12039
42452
95985
98418
48036
23820
78987
41115
56480
73480
9898
57967
99468
39395
19508
60240
54896
77797
9747
28046
16005
56046
42000
11520
76511
56764
86939
9249
88135
70042
18311
20901
59751
31941
6387
68823
68223
65435
2596
98704
10389
83778
50189
99350
92488
68595
87857
88111
76965
93665
45247
65696
61042
25258
87835
30854
15464
48697
37150
89616
39295
88276
93140
8951
9665
15305
73283
27356
48800
39344
23947
11388
35747
81053
80937
65938
52475
93862
18357
55977
11797
22891
29772
36380
47112
55878
81288
42637
76237
22160
28362
6750
36367
95436
44154
66031
98328
77621
53189
4308
4523
82112
78117
84786
21072
29389
19583
60503
98729
27376
35750
70355
21284
93910
15453
94710
41321
9942
43033
92615
97171
50613
98756
47423
40475
65398
25662
21344
16048
86396
46910
10133
95939
93533
47671
94407
28959
5862
58326
24120
67862
8997
16711
72064
49910
1783
4631
2146
21082
26990
40019
35755
93085
58430
68464
390
26761
11108
69220
41246
29806
67955
3666
60433
46414
25213
63235
74349
93236
50555
48687
19403
42117
80729
83324
61701
14127
43617
50941
47380
79199
14114
86203
2858
22159
13244
42289
87177
2139
25579
38705
1150
92788
91758
18116
12414
32366
2195
92687
19003
56436
21921
25137
33282
10268
71521
22504
46197
51156
32841
14772
92480
56731
58214
70099
58010
43917
56198
71436
99674
41014
69536
82247
31187
15080
93792
85369
87310
79752
33939
42525
62818
18338
50251
76862
28595
62653
14095
2129
26276
61480
70627
73407
14298
34772
65807
69217
32686
61084
1198
5380
90158
80766
96598
33548
40978
17198
40607
63348
36982
53888
25649
98803
38489
37410
41774
42234
31568
69740
23065
64058
19463
92528
34530
36483
26357
41420
4912
1991
99739
99710
8553
98974
37306
64119
61601
28290
69102
77480
99708
78682
31082
68089
64481
33075
16977
94265
82750
86026
2702
64015
8850
97511
46001
87119
36859
79652
72103
64840
94621
70379
38516
7770
11275
7805
44496
96005
31861
20878
62619
98812
83310
39950
55678
85656
4216
60483
71232
77194
12430
81074
92609
83368
81806
85564
30199
85673
83906
1797
22530
48811
96746
72656
27278
95793
79271
44454
99653
45419
46982
32629
79406
50957
31143
8917
95974
11745
73865
13798
58233
27833
59539
54453
30301
21596
77698
37661
62796
60482
6794
51402
74108
10715
35019
88633
90268
73961
87154
51932
67373
78126
50792
32985
55130
48575
17563
97362
99670
91160
2983
73375
92017
41610
65857
92823
31030
7695
89728
91470
49828
56574
42248
58232
51079
25658
20148
71564
73971
84069
40064
54372
75292
34354
69936
68544
42100
21207
65024
91082
8066
79681
54568
40116
82203
79266
75212
92157
36576
23077
20030
35347
53332
77218
1328
85107
11832
51277
84186
59628
41541
44297
48388
28673
38
37338
15537
8749
30991
86232
47240
42880
49565
39551
40063
2696
65388
67748
89447
66635
7791
82178
8783
32848
2191
28849
4437
52286
88579
33144
86160
61404
51145
86970
80627
51512
94590
99692
64222
73987
9856
32038
15079
82041
35517
24856
41953
29566
34743
75700
57094
36516
16886
50985
29958
67850
45770
10640
6188
45470
16636
99903
47145
60930
32336
63834
79616
47180
4538
71306
29517
13064
22361
67686
14035
41849
212
7405
4000
20636
29776
31158
95
40589
75627
61663
28218
44547
41208
94305
1001
16534
46071
26437
36475
31329
13648
38672
89600
49154
36428
90745
61650
26591
81553
1019
22526
50754
45112
41573
92594
69253
40652
79247
32964
29481
94081
83336
11740
18752
54574
85034
85855
51531
61192
66639
38330
84381
82813
67549
85031
78846
16906
8988
55967
29067
97305
34217
49084
27131
59931
4227
60329
81981
54430
98434
74729
32605
11755
3431
67969
6085
77438
87119
22019
60352
47811
21505
20408
59482
12650
15463
20905
83363
24070
65721
71529
85810
44839
85908
17667
54022
97010
89962
98939
26920
52346
58675
36964
87724
75646
83426
47870
54166
4479
85298
17449
72026
51995
11423
82986
34076
56075
60625
19417
28821
36661
58098
41957
88567
28687
81665
60900
24776
73489
32383
8923
37930
30773
1639
49863
62395
37838
41499
60517
71576
97570
79865
44644
98844
35654
49196
91813
8070
2997
18783
65580
67129
10187
41932
63750
75166
22308
5651
52406
83140
59468
27846
25822
49287
22275
82945
37382
88973
69199
42295
52556
40941
74430
88423
60937
38827
74550
17261
93276
40542
42811
4245
84437
91027
3581
59947
60512
53258
52218
84174
96107
19774
95863
54435
14134
18947
40343
83653
8406
89607
59925
31834
47046
70554
34692
66816
64236
50794
55041
80230
95171
44071
70545
96472
29129
48134
79964
18803
73703
801
57766
50518
38264
79579
61766
93401
50584
14946
9765
2007
17099
49389
99700
93991
83528
81060
61482
14953
18496
63998
25817
83387
80686
65957
49548
39595
66908
25015
45375
44135
94703
37926
79067
72496
20145
74495
57037
11245
56793
74056
69729
47132
71993
93953
97536
19427
50180
63373
9475
50853
47354
11307
17555
37456
4337
43420
32287
51283
43297
39305
76057
84364
43532
91901
4238
28575
86121
74413
34399
27907
74124
74521
77024
96631
10483
2666
13933
65266
37327
4379
84804
2296
81133
80596
68515
56616
21120
94737
74175
97234
27853
71041
98174
6982
86995
84426
61137
48616
17941
19914
28530
96543
20645
62809
85750
7084
62318
6122
65422
90744
79262
51152
11456
84935
72014
40637
14269
29960
32208
35302
70911
71246
68884
83810
94465
63737
52535
77425
17467
99405
69704
13113
36536
2117
53784
45388
23350
19264
23774
51942
57785
99961
52004
44850
7756
47060
78929
50603
21749
49972
43732
62336
3316
62922
98954
17809
10488
60873
65164
24822
94558
5876
67384
64927
44486
69688
2521
18166
45044
50838
69878
76897
9888
15320
10325
89347
31099
837
87914
44066
83647
72560
29536
15459
9457
78123
49346
25553
85909
2041
49286
33757
69390
29696
23510
34911
38033
78941
54333
10011
70116
18386
81099
74367
22553
1467
95173
91433
32769
3838
2188
96613
57135
83168
54184
38611
62378
79764
29776
43015
5517
1678
84409
80842
10431
52726
98169
45758
60971
35576
58838
47583
58235
63256
22544
70021
17910
74627
16840
4934
48307
59745
65804
53496
50360
12679
1824
99604
73236
66889
37194
19766
7989
69164
91161
37857
16166
17849
29875
90368
72361
65293
73626
85191
71405
37549
37627
12951
45804
62455
22995
24384
48900
53012
77149
69825
31248
92106
30716
47499
87458
88558
58754
55619
28831
83574
42267
52486
87447
40077
7097
11688
86175
66527
6652
54069
8653
12180
61533
3960
42447
61850
58808
86394
8201
4570
15892
81857
36905
24365
33617
60314
37128
46952
91308
76146
35680
19090
50993
89438
20772
42326
95198
95258
93153
244
2704
45870
8111
97905
65517
24845
1395
18351
79245
87863
1237
57720
61669
88959
88984
43892
91121
43142
35451
69882
69534
29158
16012
46530
99025
75659
17156
77817
24151
14395
46946
74958
93738
79095
91016
50057
20989
86585
20684
17979
4389
91773
49564
86961
60804
81116
42354
26050
47218
22260
96623
37928
94218
9379
38966
1899
47470
5938
79208
44440
26008
89967
1656
65041
24095
36210
54859
39071
27138
47713
23918
51586
26932
69935
31219
38889
13700
82783
72425
88156
45095
20454
79542
95446
36484
67598
67700
47409
32572
68951
7462
85754
36917
2809
60822
26147
92417
81828
90220
55671
76591
49704
75756
57064
93518
80496
6093
10500
81337
52969
79442
18278
50564
42817
40583
87273
7586
11531
16921
32215
95504
35583
17617
288
30657
2493
96047
78502
99270
51570
50528
94421
17306
38899
89596
52304
56487
84294
36926
8614
77849
38145
98721
48484
53981
98474
10195
77412
6518
96829
8120
96579
66044
49452
57022
2896
33072
54272
60729
1792
46049
40222
43610
61246
17908
7333
42224
11423
52308
79604
43963
32244
63958
48681
11497
74106
6951
28995
29520
7883
47668
24265
2695
43031
60214
61475
60321
79949
20856
47782
89766
16146
90534
7758
90639
88245
96564
34563
68094
15385
61096
90206
87928
36081
28389
67973
43488
97323
24949
90994
58002
43331
51825
57874
34648
98136
50032
37705
67852
96571
13803
43922
76139
72835
35497
72068
94290
37886
71532
66641
42328
80482
47542
57384
86664
82338
2841
56186
47705
85948
39194
45401
61131
2959
98977
53053
70240
61385
81824
40128
52405
61247
87902
83497
19004
65654
57598
64838
5112
20158
24305
28786
59699
75678
15636
66998
11039
6410
81287
50188
76871
5585
45260
99038
34610
96467
11768
87373
18164
10096
81113
66286
76016
46235
96356
84974
48653
86606
2042
77910
13460
11671
98902
9802
53283
52400
26550
15084
12626
89133
23779
58110
5504
16046
90238
89348
90392
12723
82505
50407
48422
22255
89712
29141
85935
63478
96978
18470
37458
67696
70352
54554
41530
71375
50224
76414
39901
46845
97614
24878
14292
61103
29984
70228
23350
10326
34628
86830
81043
47028
85545
87214
61739
10091
7639
59291
24297
45361
85628
5332
22271
81472
4723
3925
10015
41866
61267
14066
92658
27433
13521
51424
36345
75220
46291
26099
47679
15950
54675
22402
2327
97465
60268
35431
53206
84168
83588
34850
29775
84754
19669
8413
63752
31458
14553
62314
86614
30954
7506
79401
54745
31128
22388
21254
63574
98721
13712
69087
72333
55226
37661
50691
66806
81606
99557
63189
75517
81034
8329
64496
83767
8828
306
80644
49856
50393
68725
75711
29299
46133
24738
26376
27493
63149
56618
12484
49726
6137
29226
4315
35637
86110
97528
21908
90279
42432
10761
86173
43603
52212
23964
81831
48565
46739
55623
73486
1661
51882
62780
63735
7659
58350
25975
47826
72650
67310
5927
47966
81126
40801
46038
27660
10603
83742
52631
38715
80027
19882
43787
85506
42636
34987
72592
92909
84636
83931
4519
1791
41585
44569
84544
53942
4529
35034
1668
39723
50555
8797
17055
48984
10433
28219
25640
78293
91971
20829
74766
54363
88744
99048
44512
19241
61083
19123
38809
2373
25312
39225
21351
19482
13010
30538
70999
81151
30298
69724
19934
79001
23470
47711
60102
20247
47651
39757
92307
56602
11217
70464
47505
41368
52034
40350
77212
20214
88757
24304
69996
9106
97878
32304
43099
49763
64178
15296
14547
91736
46425
48248
79289
25949
96693
6807
74384
24349
90465
93723
55756
18497
79208
58731
63092
66870
75228
82577
35827
71148
10991
11877
70299
96858
69361
88453
48310
62623
79718
36577
25930
11044
72707
25970
8552
74782
90245
26219
60786
56719
93583
21223
54471
20620
73182
39746
30540
87576
71082
64388
7896
80591
2395
21784
23356
94368
87781
50042
78573
4978
96578
22959
83023
83079
52811
78063
53856
6749
13746
85341
22815
28273
26463
38615
83543
89119
2309
36840
71339
53284
28545
36923
12864
54340
78382
92843
57889
65064
31751
61749
46227
27167
67578
18479
65207
56965
83429
75314
78229
64385
73745
42514
70507
44776
57479
15534
92241
72031
33939
6179
91783
28093
66996
23803
91166
67695
15452
75522
36384
80726
71882
7802
2846
63979
21954
71652
91860
62018
23718
65663
17466
75468
67892
54445
87498
79446
39035
84112
49736
33455
14778
82869
77491
38439
5207
57766
84039
31315
14777
13603
43245
75661
73251
10379
75712
44729
46478
74132
50203
64194
64577
17754
95748
79874
9679
53684
81072
93216
86414
76482
15154
65940
69103
450
48195
71526
48479
66595
82351
28981
81721
14544
57658
54035
13445
78158
66957
6925
90609
61889
87009
41961
12811
66440
83079
26280
90968
69353
42545
79051
43124
21703
6592
75473
61095
92880
83788
574
39551
82835
82505
26936
65008
74287
95132
39339
36005
16006
20698
91821
30593
69808
11673
61787
2423
73132
77878
18914
91426
36753
59810
6745
54434
36387
78249
68331
63124
51649
94272
76819
96876
86460
44075
7969
81009
8994
33736
97145
55926
68471
99995
88826
37457
79621
95863
40348
84313
69866
64102
36051
60353
70352
87381
55312
11051
40155
9087
12422
91947
16347
60980
48330
63833
89568
87206
28019
12146
53805
56176
50945
86092
8070
51940
32891
5844
19363
48047
71760
32422
52807
29994
96671
94472
9290
19552
47730
35588
17617
34199
31301
16255
54944
21693
47461
12603
35782
59057
28339
57701
54070
31306
51143
26460
73718
80680
99793
3103
59952
37429
8827
38961
57574
90296
84395
20813
6146
90230
75173
4575
19659
24197
58221
48486
59284
10670
1353
79109
27215
58238
4772
93344
25471
91337
89967
12537
19371
92220
66979
28263
45038
43710
25666
27983
85899
57505
34043
59202
57405
72107
85227
80563
62189
36220
22849
24339
79357
93531
98490
81547
62369
26401
83531
64821
53805
32130
83997
92024
65641
30803
96211
76798
34338
68828
17991
94515
97754
12828
93714
24444
11775
88051
14314
47058
31481
31217
45189
1146
92893
36920
92764
53634
89023
97840
68556
23065
47300
11079
88149
9803
43381
3426
76101
44217
80239
11013
33839
90961
51032
62651
49493
89871
32780
21827
14917
720
1461
97431
64062
60302
93625
58554
78068
81565
98861
83517
97257
95360
95880
31597
42684
55689
5650
79581
21054
92044
85179
68108
27486
90014
61416
11059
7431
41519
42984
6445
77951
99233
43108
89219
58320
93956
49461
64883
89700
35568
37104
96764
84201
48862
84860
61673
18964
2276
49892
28184
48321
96011
57704
34021
58265
47662
75214
81400
40044
93680
20598
46439
66302
17370
94859
21129
98846
46705
13909
81721
72529
90704
23051
46115
54926
35463
11813
55374
63650
56496
75792
31622
76883
27721
34843
8100
96226
6227
93199
90365
55498
44134
28667
50468
43493
71311
41485
95548
11533
57895
5532
5183
23136
24017
81858
86148
36892
16431
43399
71952
92586
84929
67801
67804
69848
284
68568
66814
90942
32099
41997
87479
98594
41701
45691
97848
64471
87634
39502
67378
38336
44475
40655
16665
88019
84581
7353
2771
55032
52042
42662
1667
34065
87404
15235
22157
18803
12823
25731
62821
61618
93490
271
63449
7163
58881
12474
99063
8698
56922
63634
11452
42012
13377
19634
98011
99311
58147
99605
7462
2662
50859
50758
20027
52601
89637
73395
82094
86153
46381
8703
53647
52224
72883
83126
54744
34839
13293
98651
73846
62769
97432
36285
74161
25285
67277
97193
45305
15609
86428
86361
80399
82409
71432
41034
50637
25863
38879
27659
77779
71165
85747
67473
23151
40654
35866
66856
55400
78298
74079
65315
88647
25216
70690
61716
95107
93693
58131
57272
66503
69491
13702
51946
73506
73446
96211
11191
38219
80096
67662
16849
41839
37779
65630
48797
85433
11006
18300
24744
53980
19945
33449
83798
78976
79083
9036
6746
49447
51115
79367
6530
92154
18275
89941
64490
80629
85088
27074
62257
46603
33414
58662
92265
62551
46001
6272
24231
12353
83670
69868
50362
96009
76935
34272
66904
98420
70326
7657
73588
70960
86129
27868
3180
22789
52395
66651
96159
98425
69404
54951
99292
19712
13950
63196
85045
72319
46936
38830
69682
94427
6648
15966
24642
55203
31065
75385
87117
19831
3045
65069
82725
1459
94835
33544
73658
22108
72433
207
9004
38053
54781
45399
89979
65630
82093
2596
94747
47866
48719
40316
21956
8988
51850
57735
21381
13822
83235
40230
43736
43069
7836
55372
15217
35396
7094
44221
95440
77651
76600
80578
80982
80395
54856
52998
71988
34489
31349
23217
51646
29373
60535
89118
90591
36183
78286
94202
58406
17229
3240
5116
98750
75034
92383
77883
66940
88918
51102
61777
36881
94686
96739
65674
99487
12896
96512
744
87401
6854
7772
19863
65666
16732
91191
48328
93864
87903
45514
29740
17993
37572
55084
85263
10691
32611
67058
60558
25770
51550
39630
98998
44962
88401
63032
79451
45997
59000
43370
4625
18750
75927
26244
27307
50924
33802
94960
49518
82786
26058
95873
85392
63891
80857
68565
27762
22763
32362
52761
38904
80832
58544
25419
71329
57351
40129
68154
60903
79044
25670
18217
61301
81049
69186
88979
29280
2303
73564
53737
9987
27635
1323
5207
66587
60295
83006
17188
27867
98009
72325
78232
68557
50913
31391
29176
76646
95076
43073
25548
60485
26534
23391
39170
17448
17308
34906
97100
55690
479
7494
88228
79389
35869
12055
64015
14592
38377
51207
13439
72061
41459
98663
10547
19010
48722
4416
36729
77209
46813
69924
59860
74822
11001
91670
89368
18557
68301
82579
2802
95422
14257
43131
90981
38062
20005
79904
16399
16243
81118
77898
55658
39051
69307
99012
60622
97226
62421
54119
19732
82222
33781
84704
93365
57792
96768
25953
98512
84682
42029
22817
85419
79119
67832
31408
53873
57452
80527
69500
60250
30121
72040
49081
94152
62139
83317
80688
1773
19705
38416
30951
39978
5529
15313
60137
64563
4487
90175
62865
74286
56833
61219
10200
66170
79442
21720
20281
52012
28585
67678
2813
19700
69109
96846
41641
67166
65855
74023
90048
32468
99972
34247
41013
95522
52846
93269
70065
38994
13422
79963
83229
63861
30071
59570
1965
36130
66842
51317
74473
38457
40058
47607
17593
31649
3179
88817
33229
3247
11148
45491
53190
17544
97086
87196
52196
17693
18720
22533
72941
57877
1513
57751
71511
48937
10081
3197
88818
15337
26204
41012
76117
77116
32883
27262
24259
71844
33024
98198
33850
79008
2263
5375
39576
40907
83356
3957
13770
58978
29381
4004
1170
7906
50125
67991
80468
18032
58321
80969
3229
63474
69258
4856
58801
53754
28744
32695
70384
58563
65672
87106
95427
25044
274
54509
63337
36706
54833
49653
98521
29907
28015
18264
96243
47100
87533
36128
30215
25131
38652
36378
5505
21697
4091
93861
2384
10711
98637
98950
3634
65025
64726
95576
10366
5488
96434
96513
42093
13746
61010
23328
45765
46932
42420
37955
44068
70055
33277
24341
16261
58304
9142
31827
61810
2266
84064
27968
97703
74198
88566
78766
11486
74818
33406
71517
89981
94776
30539
28705
91576
78493
93650
16443
74083
45674
91302
2858
41625
25479
62578
85626
1026
60083
76979
25530
63492
64033
50320
65579
22985
5308
34678
79221
22921
97002
55860
68020
46388
77103
12496
85711
95998
31209
45765
10665
45863
1368
91194
2608
32998
60544
69119
76275
30674
92391
33158
27985
60364
64665
97084
63180
86380
10892
20995
49885
5126
24221
20333
4577
54264
28633
78231
31696
14228
27960
46080
36654
36165
34819
2020
7643
91199
13750
95065
83045
35432
20545
35813
3773
82460
86152
70810
56167
82082
10859
26576
810
24073
81312
4381
99432
67005
4155
12307
70696
27116
1295
96342
10511
49616
9199
89624
75085
185
54734
92147
77907
89816
88964
20483
5762
8458
84209
22941
64350
63519
34524
76912
72034
61734
71637
87223
94766
80055
41081
37591
9339
38876
12211
67771
78382
79997
59519
28842
31787
37383
54346
2818
1953
70808
52437
26323
85443
57161
27320
43674
65847
62840
85956
92312
12775
35537
42849
26031
3957
63097
98710
75417
82956
17719
75238
356
22385
63135
82135
36110
56216
70877
83439
70585
60531
75930
64503
67498
4870
25645
96161
87716
66709
27457
40262
85789
48638
56223
68616
28537
55460
24952
84022
34411
52320
92433
34958
79525
9276
92620
22332
62743
97242
22511
62049
54060
82126
10355
3151
2269
20941
66826
87121
9968
51517
1006
61703
57937
76747
18754
51662
34859
36732
29096
96382
57250
65659
88223
13742
79184
65841
77877
21938
17755
95539
82129
68100
35600
2933
28246
41057
30910
91421
46389
25258
62385
64306
90546
30730
10505
10514
86352
22648
15766
87619
92828
5938
10546
24001
82003
78217
67676
31638
79537
83260
98508
9192
34903
61917
21080
35309
45016
98415
42274
35065
90080
32305
68059
88696
61826
45684
20473
88823
69212
45896
61936
93788
20713
52821
16303
91670
84387
93317
80090
69262
23634
23871
87392
54493
7094
8622
79544
74488
40301
93152
3645
64423
94017
5994
52707
5523
18897
86249
52948
20381
16474
37315
7884
62315
19778
30988
44749
97533
6529
44101
51616
55742
42157
33246
5385
38358
75840
45276
8581
91068
9832
90070
68419
89097
90763
68889
40796
86152
11796
94956
65392
86825
86526
5517
61343
64628
34524
90970
46848
81403
35427
97996
4673
27689
41493
2014
62460
54998
30091
62251
92403
63644
28158
96437
59784
71556
62066
12194
74491
94105
95871
58817
99712
1119
43133
39723
85564
10652
96395
10916
64540
27412
94076
65632
75058
93107
97215
20354
68653
72323
95562
33120
81876
93437
11203
74755
86688
44604
74666
58122
95347
89677
4709
9005
36760
26594
68265
84383
3415
57606
58467
88429
66197
62668
13857
18436
61062
80608
95007
99951
91025
68126
78129
22301
85503
95553
2250
32769
88638
57492
62759
53715
1656
77445
3643
532
18571
63864
47928
13423
54405
50007
95543
96922
57918
75590
4356
90364
31730
53396
63337
63208
18457
88718
85716
8520
581
70350
94248
83509
45496
1938
66238
14050
50303
22183
93333
62809
82062
32963
23741
74845
89849
10673
7708
33839
87341
48583
86362
50860
50537
46196
68624
90610
59772
22742
72392
4259
86140
2376
75536
47971
65152
19608
15585
29596
50619
56726
93927
13857
96950
59848
53996
33071
37320
13882
36453
47854
57876
26739
40536
14775
98463
97763
20392
18993
45901
15673
40831
38196
92408
23057
93656
25934
36203
3979
23494
75779
20993
27414
26468
92559
29589
52458
22233
65287
5125
91286
51559
39710
31688
70062
33713
3395
76009
91878
37031
63368
85504
99516
1583
35517
19467
66383
28114
96859
9454
14
55840
50237
19236
47852
62304
40104
12928
35855
20696
6475
3237
87271
19734
78497
65118
88892
79129
44307
37307
26624
72479
56955
6408
95875
41643
28516
94092
88325
93810
36077
93467
65511
91139
65100
19352
70106
49617
17711
56843
25977
50494
97501
6139
65331
7525
6043
94472
13792
6980
6027
72359
24853
54469
14767
97659
83282
47943
30475
12236
64792
24493
61065
97191
48504
63139
65078
13010
68007
93481
51529
31882
93293
60158
131
15771
78333
585
58641
90747
99583
19846
53231
68547
7529
98156
66344
93995
56140
42039
39832
65121
51435
3223
43954
68390
55270
39060
573
90117
54228
94812
3129
11633
68847
53739
13216
31802
57097
75446
91335
81067
61949
40212
73219
89443
55424
33193
77449
55277
15223
35120
56686
81919
71042
69092
19533
95500
56405
30027
77543
9510
72999
77440
47044
86611
69123
20955
23095
5643
95580
223
86848
69868
68318
10144
84619
31001
88415
55248
22678
88342
96949
77860
17008
72376
82913
23783
12317
7181
30664
73627
62390
1576
14019
90407
90253
87718
1676
49441
22478
85442
74489
75257
52609
30577
39301
83072
39339
96956
29353
58260
85397
69464
36106
46953
68132
33219
92396
81685
38983
66108
28645
14072
79952
59103
32812
80165
18841
81213
2159
13778
28936
61172
26788
51736
14989
11504
75479
2311
86632
15101
18243
56554
70215
52648
1948
44722
12877
43793
95240
1601
15407
13295
61646
36246
31927
25472
8646
58128
82827
38667
54000
61088
57417
35285
27169
21071
56361
12220
11097
53449
14052
92914
82063
89573
28338
15002
31245
66227
45903
70776
11160
94721
20823
39352
41192
31945
93937
23903
61718
50682
59112
80325
39475
38817
55892
24279
41653
69683
61944
39560
72972
19834
36068
63119
67475
81883
95450
87937
20258
81344
9646
29420
35873
50662
52134
2509
92791
54597
82081
84046
4127
81047
70836
77088
55196
22855
31503
87728
30083
84408
11359
72489
37399
79215
74028
66695
80115
85790
58818
25459
97311
51629
56941
72096
31397
86951
33438
95584
22238
20639
30827
38563
19302
82653
66610
71182
95470
84072
21597
22804
79824
90609
14561
33620
23068
5370
51072
11374
88657
62882
36943
90979
1448
91087
530
64200
53066
32918
99364
6886
39810
50313
24050
55410
58861
93405
23463
63012
12654
89783
37026
98838
92350
26451
88707
89723
14688
25361
94757
49337
66291
31837
4772
30276
12769
18328
52896
74777
12916
6216
17275
30067
35111
55129
55644
5518
98746
48782
93302
11030
81856
78217
54114
42922
95379
31634
66824
26195
91815
79879
89213
15931
31548
87840
98758
99468
68717
97918
20283
50726
14373
21872
66919
69788
60753
32034
74092
97003
81969
39458
38499
97784
26280
66032
76993
85669
80850
54049
94581
97680
70133
77584
84077
34760
10192
37346
67481
42637
64753
24052
3399
56675
57923
61251
58957
8914
66692
2360
7558
64894
2388
2350
45587
63710
59497
30721
46723
68698
1152
56437
44397
21830
80654
48768
85658
2037
61876
75509
2112
59068
12049
44366
17704
16677
30641
73557
9041
9900
94339
26671
7534
74554
9705
72422
44426
85083
43080
40529
39020
65118
52831
75554
15765
47337
12309
94892
4870
4598
78795
5998
94207
36493
92144
7840
87682
17791
54131
2650
3606
8509
3091
29788
54760
98867
88179
37085
21835
56197
75625
93843
45248
29028
73269
10267
69265
50636
59759
51910
91191
98941
49113
39969
91579
92180
3220
22015
95289
4806
81742
99237
