0.032017104641485494
0.25277082112344523
0.35340382381518093
0.7007377840782268
0.1890851484575007
0.5132274693914359
0.3176740180260705
0.7364167340772565
0.4237440519677874
0.8753546262970724
0.8754955928107687
0.27006551657432437
0.3089730619890069
0.2149319529330151
0.21211329715635613
0.5621905266722725
0.6793862425194145
0.1384665858849579
0.37409528599046005
0.7085593575948074
0.2226638286463994
0.0667041554552829
0.8946383721610306
0.7973793990083438
0.828942065314533
0.677053894124619
0.22542922471994406
0.6383070225030733
0.06940447093602702
0.2682856071569623
0.8229162960893849
0.39583483730211444
0.8418220679437285
0.34376629547764476
0.8424134636395159
0.5940763345756676
0.8904183050296886
0.07053900322649147
0.3521475963675491
0.4725653066040296
0.4801891496430206
0.06070714864982087
0.6911792289384061
0.16341015836683884
0.5816866808784976
0.2388723767534214
0.36006635236835854
0.22899043618139278
0.4012795525409098
0.30478430719821226
0.5512079174737632
0.44635620350676947
0.6740317262624831
0.8738956902624211
0.1969953501370869
0.4495879242177962
0.32159514055456234
0.18017648096298547
0.338216257688703
0.6445975618223682
0.06589094132010447
0.5553258403546585
0.3925965078669668
0.7921990733328521
0.1808576599286735
0.6564307190924288
0.3339324780354131
0.31474940145779084
0.659173755847141
0.3001555234412404
0.4759577748995614
0.7192581744045693
0.568615598297039
0.2757066587823846
0.8919038491644399
0.14558770100014448
0.5735912915349636
0.751101749182281
0.49065661067211386
0.6422118044253213
0.7013942222664931
0.6576829860383973
0.3134763986474872
0.6439753064715649
0.33984940791003676
0.1363492551561285
0.6114410251046958
0.07639322234613957
0.5632794841639921
0.6556420677413505
0.7130873723660514
0.13925130818700832
0.8970960662734596
0.76660511228651
0.6941686690640663
0.6286179621678888
0.5478263980630688
0.5422480605089253
0.417011087106206
0.040849013633424816
