0.7441857995135394
0.4352916151780516
2.3028073778355638
4.448331067597779
7.692041379495393
6.6246679502868036
5.4955602746055785
7.988309744749157
1.264842770994322
3.271138641050276
8.2968040300211
1.7594636163650448
3.342197574226404
1.0270915248902797
8.790581350277712
5.843858164598666
3.7077799684881962
8.156203846153879
5.677815203527654
9.412160588571679
0.35323596173071903
2.5449789804985503
7.380286174293996
4.4276995683623
9.852783654259698
5.422610129196225
2.12998318220444
5.274197113550245
6.127785089731205
8.148647666981487
7.662858178133109
7.616023299967778
6.578663529046477
8.879031603546585
5.748801919735768
5.09307836171978
5.904024586279339
5.931490466031157
3.6368340449393735
1.5550508186370795
1.3536961206375893
3.7411377904623833
8.176034541557511
3.6518069055104942
8.373627871843059
4.626294753282442
2.188668251142679
6.218056771813758
9.696203047971238
0.9731408361019134
7.422246674665785
0.9212009543613705
6.0094888865818366
9.29574733815551
4.091934426976458
7.4814025703057725
9.803312412427244
1.935365984418108
2.043754198136486
6.822435733525945
5.138778521298218
5.729552196661464
2.322465908950664
1.1707537949295947
0.8209477693108885
6.407769705510234
9.615777995673435
9.788479428172877
6.071879870429795
8.655577965352693
2.368728157798425
6.803653833472112
6.703095217786543
1.5343238675093858
6.518607474715913
5.688098691664274
4.172747036681141
3.6474606102050178
2.391720325461761
0.32962618366729735
8.683392250889554
0.40819101542136527
5.32856742496354
7.95109975496381
6.031236974463412
1.1860808202393374
2.2637057994275604
4.743976419549965
9.657086764813071
3.492610989021544
3.480583563664226
1.8084838978556848
7.872957257722442
8.007340285737188
4.09006421353059
5.7264648554293665
0.6464131883319564
6.04742047647012
4.644147610186676
6.036182655079797
