46.591550304206876
5.485985185717644
89.74417054123141
54.803985113336346
79.69226084481217
89.87093715704135
99.18833069514683
21.857411835811856
14.817213025035855
76.10157830710469
67.76413523770374
53.76131222361135
56.82571295846445
23.44593790216331
64.73974444623316
84.7916725320004
24.237092749215616
55.632050636051076
94.47108640415341
85.4997360807659
67.09010176890773
40.246176024387914
56.18186848469413
37.9460318586431
18.963804502869028
64.10329083586979
92.86376986655496
54.082681823803064
19.757187083947766
71.36449318650925
28.087715758644165
44.472238057542015
86.82379093015803
61.83366167896903
73.62719704304894
90.53746153655588
72.45373181321327
35.895300028975406
61.45157005976684
27.064462218283822
39.388266925776506
11.35697591597119
91.85102223163764
92.33155428094507
7.541914993178832
30.933080223756914
16.90562261649574
64.80792907812035
71.59363112491653
25.351893602696133
73.70841215206741
59.859911394988636
67.5921697486317
95.68495340086696
64.89690969062129
29.418092804959333
69.40100715227918
32.686776600161025
34.83876751812835
68.99603527594792
31.685559409260883
93.29377553666254
29.65541039531942
9.71053397156763
54.01947370003841
18.163912778947388
38.35265530013346
42.434532605119585
32.557787508692336
79.14327214009862
4.2591494384957125
1.216874879951465
80.39264410339044
18.42215680778241
64.55231070949534
7.0279252173692655
46.171969026595804
50.89166868411763
23.777182617265765
60.136905074588554
30.52315671653567
80.43194546077846
89.33606235497103
50.79541585035118
5.282272743133808
98.35532478304135
5.046323909412494
47.89217028900983
66.88472708165695
14.391659147564553
93.83006118757058
17.4563495506685
16.02551815191152
98.23884475059039
87.7124421186702
15.621256112994796
38.646344778817934
96.50935384461089
52.46564212137068
0.3161297498976622
