817.2642845925858
218.02772423322034
376.7615069271501
52.36704101712878
545.5732407131508
60.34228520820827
716.6020181186162
250.29806019834288
612.4382528935581
503.2328577529622
951.7197694350568
666.6082387129416
653.829669832814
991.2305022829921
765.8737417259787
328.93017232858244
163.93556305091724
180.76674958022522
806.2198975475754
167.9970049233276
209.78550843522837
556.9016430945206
682.132260030023
29.815516858875434
263.8869468922042
253.18370589068653
898.7965104111603
905.6638969404175
929.9497382955117
521.0457840001704
975.6498787126558
760.5014071567508
730.6375836008498
918.9434241304391
405.5258823285509
596.3402690387517
796.5686689829914
436.2417105889716
299.72074898209854
680.8399223757399
252.99435849358125
449.75200099967753
534.2281768284731
189.34118046886303
332.4129850621242
623.2131932958159
961.9895414579656
862.3612560109924
761.4250335834826
601.0020739862208
789.6812586093844
665.8213500374208
765.1086880997791
623.7433438239539
530.0054167322955
852.5763341941807
112.9873113705225
998.4740138159999
36.26697017397249
275.060149640135
990.4772454369411
692.8969856440193
0.6101357256708138
271.45199681079026
122.44025553778928
190.93553590269286
955.8469556697175
960.8066477382205
494.3254849028663
147.57548387359714
258.64424608050246
319.5771872445341
227.66619154211918
310.3515662154426
750.2391645967984
983.8902854036667
643.599914193726
637.0035431649443
796.2305974515713
327.413376783472
322.2053496318018
532.5916774979896
182.74161875967297
992.278143775259
7.496264838017544
652.9227988464949
915.2686674959327
723.3978110394438
541.2813509305415
777.8972367014161
309.4249103662106
44.834899589256985
616.9891555160043
843.9415832985536
886.0494505612572
51.04263306918382
36.27020886131125
344.04506552517705
496.49000720087406
340.8159135880156
