7806.005974059961
3517.6721145775814
1153.0615707707886
606.1446801263711
9673.341395074558
5201.241490114434
7185.650535303612
8875.123363525623
2037.1341131683823
510.8445697595995
3527.736373291317
9459.773461226865
9051.357368428151
191.8021593987991
4001.634528796145
944.9587507630887
9752.819284914778
4724.7740364178635
6114.16168240013
4795.305763412943
1070.2499097478913
2098.6190090450696
7542.029467990319
6248.8304611041685
9638.079449225135
8717.82734518769
7403.169683471022
9302.83082903512
2545.1049326849993
9095.687735005817
8815.590080216283
3011.1798776183505
591.9736983705363
6943.673198575923
5349.225138868313
2177.626014872241
8898.07052174713
7546.849681651508
2891.564163352184
6714.542874011943
8764.360034153513
8900.419303171824
177.64322700128653
427.94804633263846
1586.0432197607092
6983.630871401386
5774.4560799839055
1797.323965141711
307.09912805828276
8760.290738185975
6664.977887183551
6439.6537674757155
6417.12493514117
5020.916667779292
3741.0153390431565
3375.296054305105
813.252275467759
4017.9815550361845
2494.879383421381
4959.882511068792
4984.395809853106
5998.284490937022
2989.331504835142
3403.3425144507983
4925.005583899983
8197.294835508623
1789.0923043355533
5163.904418954249
3940.513591526877
9636.896065213687
9953.294392801805
8189.434271766515
2083.619723942763
5155.654767819422
5417.63801852187
5970.420338679639
9342.234478088365
8500.621841288856
5133.356230801278
6676.512130525714
6899.085569222767
5023.9564896404045
2188.0067513231324
5268.162187796389
5790.416499903854
5550.348997992901
5794.202733612889
1405.016039084308
5116.936618694148
4322.788225979979
7515.053227812686
6218.329784305052
2591.447651109471
5580.997826979067
5383.015224639651
6571.08056734322
8656.846813966537
5292.539608356333
8674.467397214314
6297.069218572784
