517801
630459
956273
808252
135848
142067
353990
58616
258835
356285
952566
463116
850174
926057
422033
987561
598876
960851
761576
614816
405062
412724
886877
17358
193306
516965
85330
371428
172736
721586
105539
698703
945160
637911
443056
136200
973359
117850
815538
940218
464897
468484
76783
337546
757336
139005
510249
631368
705474
899907
531504
769586
840321
616135
688184
585759
212523
55140
548805
607503
284338
448316
232387
602188
364990
532017
936754
258748
646134
339197
239870
936326
616414
913007
254636
628447
950619
300483
125745
522480
132689
834652
170717
17190
523821
904800
428276
643541
358654
797744
639709
19082
988414
980483
110708
434988
620015
739486
970746
323597
