66966
254742
965236
157491
878933
753917
316761
799273
258858
279497
586364
148584
396437
515430
175640
352475
778212
200225
580097
265235
166810
727130
243037
968082
102956
198120
856563
290615
236132
462665
63707
830273
745960
376260
296597
83393
475350
672862
247670
917024
584518
335669
919998
741386
606833
613243
659012
535926
465903
720083
446674
63764
26652
472065
89229
620114
375188
436753
946509
898250
19678
863752
636875
114571
37349
731390
293944
494338
535329
834016
73642
177540
892373
251969
697585
260411
274929
309336
299912
435564
457687
776666
362087
622305
470011
411701
614838
134263
392035
894374
209692
690054
946574
728951
606260
83816
976753
464217
495393
282280
83356
299097
887288
673609
55164
258434
623068
984752
29177
668432
681064
234863
465535
838476
601156
436206
797530
460105
286938
602680
719419
525369
417251
83296
456152
841516
486427
171278
951599
725607
646739
869609
867754
535581
935077
622946
836894
100685
185473
555803
128045
257463
90918
12979
828172
720764
210349
839664
979743
163473
657663
930183
25537
749663
689383
801802
130783
537211
504706
431918
238660
792765
96403
177912
471279
869503
671219
156932
536992
51124
551717
505586
877106
339618
67016
90670
16161
222013
703526
188697
615149
823458
215017
829017
906840
709740
135596
612474
789193
624823
806383
55615
683219
236399
358245
784202
519439
71059
520744
960291
662501
621772
226252
764264
899434
796708
502225
84305
273443
253797
829170
455327
438696
271375
297434
411553
547556
361845
805686
35811
565625
618484
413798
171955
934656
837713
871501
646673
408238
880238
799239
863282
912274
760169
826938
849073
360890
201553
473925
24275
882422
467462
954710
942069
57076
191724
134040
57364
791050
659531
340425
386745
134931
343751
844713
8575
660144
36663
993998
436162
515184
469027
243669
644582
287306
681503
464243
901633
310343
684094
603369
246886
761725
505013
5974
374927
201717
547534
785126
100262
495662
604101
965672
920304
54331
593859
615422
210263
831111
711796
774253
666066
929721
974471
961492
975987
676594
765570
883834
701005
713139
267647
621632
350655
523996
132358
991029
182113
241295
783944
339144
920523
851443
289270
218904
758525
505813
970428
821352
93358
602280
811486
375086
682676
183277
968301
729226
94156
758446
89957
663444
132679
181284
613350
400334
409746
350008
480397
177273
504096
211942
904687
526275
857078
915966
910834
502813
922194
867781
676231
151467
28217
681720
963911
210709
552092
47792
382953
323771
326758
188001
929950
591365
411301
429564
202058
352472
735442
486325
815646
336548
552894
656030
875862
490394
426779
692786
221516
371323
176549
138287
328888
496524
756971
162650
938437
800742
389310
301158
119440
719529
149429
903983
509119
230033
824729
395681
473468
748960
960180
944822
255181
996347
153649
945948
484370
493969
527152
330868
950810
191734
334633
540343
471905
376654
355706
206003
569386
919460
969422
979379
300917
252890
678892
303421
134878
144891
872089
668085
853650
725420
55147
211295
76526
955266
53676
736578
425526
395821
815399
415719
186350
375761
119890
756801
459481
126325
648279
308646
916747
814804
297345
242811
404333
750609
147840
502895
617421
154824
766553
897950
190751
949952
284908
966613
69973
190076
995555
229813
459798
381936
554549
963248
203933
150225
806548
536625
522289
349573
748217
585880
20093
337082
459657
114659
103179
494739
881380
918696
622689
960444
201291
715070
693560
850334
546539
71676
805973
27054
557706
