455718
289794
821824
590423
116987
80564
363194
909572
635242
36945
453941
537738
559613
556207
512036
965097
81010
741629
792648
572686
523514
849308
953219
528322
513182
262423
738571
574195
114364
26369
313978
442205
88432
697898
349057
58517
40526
525245
171965
212210
805387
89273
168482
520856
604539
348554
807188
285730
126004
840963
908820
708523
627922
589371
290391
658426
163668
180353
638387
264904
704356
474877
355186
49646
3188
942244
619209
431791
540740
903255
935010
959392
395712
292889
890710
314288
792645
306347
735223
360088
88900
820358
642952
996832
561791
555764
313104
971530
337265
913484
630339
551072
310859
994248
427233
233621
107544
684165
778331
649626
311873
804502
927215
934656
261357
592068
888149
82373
382848
772902
771857
279229
312453
926809
653161
786398
870822
77405
72881
213160
788440
727628
948738
282991
201619
950200
138249
512327
344895
529823
334779
10954
806699
282189
957414
711752
106486
83535
865251
511052
108240
88399
832808
994503
303643
852497
952058
464156
882539
993161
24575
938503
847020
108886
76401
776619
708067
841503
121967
998070
976973
321865
658670
915443
279779
930066
32076
878955
684287
20109
694149
978873
495064
968826
253310
840233
380009
860481
784895
696716
251505
73035
692222
715995
941587
559166
39126
700933
332829
660563
400663
442264
415013
825493
190518
102792
982671
759415
360677
111774
432044
509970
191934
788927
194237
607227
839128
147479
251925
430462
891580
975523
436188
724473
612914
115609
494256
376470
35828
577012
577189
781798
43332
399007
21293
92951
322905
328189
678035
879250
902453
705043
191905
235123
751698
661395
158434
624614
665466
298246
929794
748186
57910
920021
973201
241957
176606
896627
641254
586932
858768
343210
99488
152365
860923
510721
524744
993507
860507
84935
305682
558005
705791
77312
301315
578052
242117
417833
733612
96014
234792
289000
599892
453292
534320
244181
101428
505252
129480
751199
808539
377964
485932
335836
44402
494332
593025
428721
341530
716174
898430
181466
869425
153845
109128
28951
121972
153111
375260
697140
308670
589705
415270
832755
243375
394309
96686
121303
863400
90122
358770
509008
15090
486929
947150
401342
383038
260135
615255
823139
509703
659948
115400
430954
221140
746598
61524
456206
3865
327874
924698
928681
617917
830633
868919
905050
871095
125755
654517
826641
425745
376747
570080
734202
645711
901623
944121
587523
874857
148546
876484
674956
496115
943951
485244
195306
803998
252764
75815
622744
851351
149209
281028
951547
797901
664452
129568
442961
436176
830626
468488
941813
262421
652379
82648
750737
886102
352755
711474
188256
844182
824865
102027
461150
166466
337806
984991
9039
423731
823915
817796
567017
895376
63087
472156
825568
998929
776556
235941
259084
747934
148493
784555
542712
851349
48174
66140
190793
176491
438360
180796
563465
840169
267031
775727
236431
209368
681082
139508
573901
946360
982887
426097
1718
649513
366168
939240
706698
816365
260790
432777
886527
678021
749136
240930
661773
4919
633784
444466
906198
778481
416314
254875
279921
529608
734202
642741
575378
76377
304745
660863
833367
56656
239588
853616
414449
653895
222185
744683
12269
727558
361398
590610
442654
466025
458944
109874
733737
746591
731661
593948
370221
327758
883502
483027
994573
342356
426653
187425
894811
343337
458031
826116
417890
975776
477301
37766
496976
239436
410101
182954
101566
315839
31936
497346
456542
604718
452976
828702
152256
468528
421824
872030
475073
663525
90376
395689
626000
62196
800851
566518
734686
300268
220958
949831
653666
559756
171440
510518
939206
792542
316945
209000
311665
147326
281896
450270
846002
406520
712372
816554
489861
341007
815399
874942
368838
512986
822042
141984
850159
457738
895985
968377
222991
348102
840525
693133
974858
37047
895143
935366
35399
327519
884432
753129
443194
238564
758530
916074
145741
215019
965665
711194
763373
395296
904148
9534
106352
354449
267579
270204
367902
538618
60940
558319
179043
525852
232397
885721
382991
610566
271792
502328
524295
690293
610950
435249
568652
824151
632737
549801
564965
748652
731915
277107
748204
498565
375004
794083
339507
364399
553980
393025
464081
786345
45558
751898
400780
459088
677364
700784
309796
633372
148957
217169
888634
520771
794760
649221
388764
166139
720155
674272
197998
89437
174788
151864
50678
165797
771668
538673
403267
445078
170227
61044
273019
945018
976004
41598
943296
471559
879510
375572
494526
165213
219267
212181
888596
846508
316201
464808
427741
598003
422658
987603
97050
287523
247779
590829
614782
878178
202958
656428
924757
237931
121395
259416
982737
335762
792522
216865
679474
503653
186438
703115
330129
619055
313654
271303
874762
16790
857341
965150
96708
773924
872364
698502
981663
94434
330233
141335
954232
911456
78111
903383
697243
381074
456529
341745
745542
796437
956828
719301
400918
259407
975000
684057
191185
755763
239626
893164
982159
588132
980761
950891
243205
472753
445099
955069
392047
377535
89116
576825
818970
514180
61787
281911
757067
621807
42912
619780
782095
596006
236365
194991
521120
160359
9761
851520
198001
383247
710163
764681
201943
262777
678481
465364
85203
738111
443668
570555
831936
212252
831583
760471
717782
916018
284949
291024
111000
787622
230453
645076
2528
327017
725491
247395
580549
560658
221684
272454
27878
207527
366693
59999
105238
647803
394488
784540
82148
991409
568828
206150
420741
942942
665047
56182
777248
718669
291811
487398
666550
965084
631651
375397
657516
67075
361761
583588
125047
670901
41317
803758
97123
551775
409043
215413
510016
1805
321186
646279
641449
481004
788981
818016
149682
85034
984535
963416
842349
600505
595480
647997
459865
184371
471550
451323
441001
322200
711850
583096
967916
292274
766665
475837
855645
194585
221363
45966
447305
580179
332963
526106
311065
835091
801363
463245
934651
228514
447412
554115
691377
403803
518727
505048
341302
278992
471515
841243
884488
239179
899747
841825
923415
808495
740275
516469
903240
461756
219479
305325
939622
124593
677328
86872
421990
787211
375596
402771
469269
651884
111873
231547
263584
633815
225222
435452
671168
120344
270285
596552
908672
116160
124705
269412
662316
438990
757240
181980
185752
182570
79765
652759
562378
663626
172349
740357
987909
38199
386835
661300
260210
2858
709970
323970
33837
209616
970471
206189
342314
223661
411561
7942
797443
280349
288758
30853
365919
298933
700651
163317
660096
88903
352959
30672
366568
908548
325181
800997
152873
839804
796700
302453
913672
238594
986300
222
14477
143147
510527
804975
911018
81653
450626
388250
910981
198531
508343
623303
789540
40646
989728
250373
875636
307768
328682
900187
100790
960258
342436
751549
543303
747454
127578
95514
316682
83606
171218
372946
289716
51787
312162
679749
505651
483986
431276
223687
108668
791193
343032
117295
640816
79847
673644
603919
573482
263969
703146
403646
310887
160424
159750
264400
971795
512928
499171
93607
873324
165452
650537
603619
726293
599125
371749
677877
261881
433642
128956
886225
139994
822848
202701
278401
949237
272442
756259
834839
751188
545381
275539
483259
608112
57562
232376
654946
561600
662534
674761
439967
184866
831623
57172
195219
183973
122092
319257
812417
215537
630879
762310
812476
98132
234335
373706
787905
717801
12645
428183
141921
712679
858216
218681
795863
396675
262588
443086
57912
321027
215190
637025
503880
301153
513386
239143
541416
451352
800757
712725
728109
74829
70423
627548
243725
390557
551320
125379
631347
500479
75979
784479
191538
67222
781391
411056
681941
900630
321202
352859
781013
138512
151409
140864
88100
899547
868955
518711
506790
681505
563539
3372
92543
32003
689908
560980
399751
772330
914639
148107
396762
843563
269135
547788
703053
713622
258046
924876
381691
970268
992096
274547
668989
613146
956797
893880
606199
616902
408189
475031
34639
487541
469675
207538
588921
388934
549788
160834
664750
380079
506985
875512
60924
620130
661207
760756
678006
322523
788056
477409
723595
671497
894827
532715
612276
371286
367390
615774
978567
178261
347571
370780
302185
537991
761697
412794
866720
254858
711665
804537
305159
828639
699529
752668
685274
744726
883398
516586
851377
254872
324994
652802
772618
818257
825141
833878
294975
316728
836663
241734
80086
227644
626595
167705
550519
426572
976920
311002
610296
90755
66329
523405
617813
373807
111252
839373
665275
813885
297536
593475
302979
11202
521247
440005
303740
673448
760099
855624
858529
621683
138989
70147
710250
20975
925488
767907
782078
976376
278004
565540
983621
776805
762103
607379
642716
523282
773742
875805
340386
963337
912937
708946
741871
535309
546772
671996
169701
109250
47001
76950
968222
912956
14883
472555
794820
239330
73278
615117
747328
720319
744410
336302
872843
526501
811823
616222
887904
779134
241402
617825
739218
847280
524901
612652
16313
179564
837764
264764
690312
452308
380219
49491
664570
584454
279742
96977
11819
697034
744625
266987
217219
463188
366574
57098
276045
872886
587556
22658
939046
861157
519708
281837
554512
801637
634263
315428
329446
459220
804500
259481
772458
755601
798318
269716
133882
723143
810849
633480
714466
653721
677805
229265
642954
987244
648147
821773
654352
436043
141116
843732
179249
512699
128185
710229
285984
482204
235749
673166
633
435641
83559
729831
117071
853292
632596
681324
943585
324849
350705
40422
696684
86661
214166
211925
68826
257658
231085
153547
913880
828122
863258
969511
975365
271030
79541
933805
776518
366666
93042
557887
612406
888526
781922
557946
673147
195099
377810
942128
967796
574456
966609
365629
771918
436225
162512
679880
301558
320563
226914
735896
218216
306902
805154
832848
876390
336519
189747
298185
203653
600673
660642
514442
186722
247880
552873
944678
80625
529042
579725
804787
843061
768785
130342
28258
841676
409729
697535
472832
594338
766347
152595
173832
177030
501492
181944
841890
696601
504485
42648
758268
529826
805911
910681
324548
99647
602395
925406
886591
523831
945475
63079
680265
696106
951024
35860
113833
548457
323833
34119
392656
809378
336501
343654
102255
538164
50086
793280
637298
323361
515970
350919
253020
22369
683167
708411
670912
254291
663802
785576
838233
926607
638691
241798
929607
336342
769609
569790
809830
32875
825438
37580
186957
775035
481254
651775
841056
66551
179042
44190
210323
762499
85651
102373
895483
519686
544685
674413
675986
763234
225882
176745
341127
139774
127911
253260
273024
720382
852431
872776
658221
824212
732898
224242
853002
637808
256978
586945
11761
279443
644954
209974
714777
424705
348684
4501
530543
930709
739637
628177
573519
20014
964974
284485
936159
953927
614082
142111
894600
364965
954551
684439
79378
769769
870203
83485
239708
696325
559917
260433
988340
303051
846980
39788
623513
198561
468320
132604
787786
996881
361707
969356
705674
312829
513131
642274
879155
6448
345128
417185
762420
613647
202996
762831
614825
64942
341596
371889
297045
942783
732394
190547
989439
781733
40531
87908
807718
182822
113412
556029
436705
672959
529668
640386
169304
631058
62085
103585
205273
226427
633357
690680
578904
270144
82364
603859
55814
387494
380921
826962
198348
86368
956285
941929
521124
196003
368379
579906
633684
303445
678443
553533
687945
286691
302898
994071
820492
308338
468784
34792
178339
526637
881317
526918
397510
85437
484800
137096
708988
681623
157766
591333
404371
153326
84380
242106
748472
880266
993137
875690
244024
491761
340746
290399
862292
382721
202603
373359
346490
629535
309983
758107
507238
484362
645349
85937
516821
160585
500791
786961
547873
366339
641975
769100
51198
85357
291705
218984
930255
383965
981735
951104
274598
878206
794837
666440
5719
861724
982434
916207
826743
790623
922055
666269
914550
334677
354751
296796
910166
170600
339731
542995
17799
840814
941313
594540
181793
12767
968520
795479
749757
48802
323987
509096
108721
900032
471104
527644
290405
705658
808587
719801
230486
469621
873499
652691
119399
116115
68649
956522
448991
53086
409545
330097
243012
897694
50327
314730
915857
493258
694911
688748
577878
929371
703144
658502
345069
973627
784446
695870
8980
547293
336474
648114
985196
619622
422673
147936
459981
834440
208598
809729
210820
419824
558796
485968
468970
917014
915756
135464
848866
392753
809872
403019
279534
962573
949594
673343
155694
211636
932675
231378
191223
858569
680516
15167
416204
872885
604442
635177
93820
876920
525114
972100
580951
14881
994193
858643
96142
451737
37046
299339
520230
699161
29295
990551
370585
898684
599389
287029
210569
959406
757573
964349
944801
434180
666043
493378
322571
748774
491373
26705
804999
124583
7241
530775
406063
895669
844236
207455
857796
44844
546921
939704
45235
108997
756562
355252
267114
513899
848485
616141
786578
539758
57590
488163
353064
559376
170549
185057
940475
472765
731004
199293
905476
118744
411576
259677
392477
111473
914609
158679
360352
601555
441527
288785
201629
383417
892971
95496
819831
649952
931943
619116
763163
849783
61323
709095
31454
825843
550821
180606
944755
468479
806716
357904
96198
958225
799737
675260
203511
104920
540659
850144
185974
829585
512661
406972
908919
58873
340782
53108
6226
469789
931541
184500
802427
67853
836279
890478
469913
311663
290239
116351
870660
526191
509280
911087
102176
218132
760706
207191
703377
192686
697030
810397
619353
332651
723896
684507
547861
476234
555152
434270
940561
573031
139173
205066
481283
696308
793007
867739
288619
343944
182903
251782
122821
807889
164701
501758
267367
311910
92550
29586
318397
220087
204384
879667
256863
190246
92563
766228
90892
131822
174213
22122
878086
778433
201482
314195
542665
361520
640871
659795
312425
560132
737921
62777
953479
299882
556391
189920
243631
613322
103609
203409
191954
680440
578803
528902
723547
190659
81050
863177
687215
732460
796161
510331
151558
798833
336632
706225
680545
753414
570002
251321
271207
133733
604178
837882
315360
101948
21873
470649
319373
87109
438479
479416
489441
237236
76404
508025
337888
262857
493953
3616
58835
703237
383543
928374
683749
99449
881379
422858
378590
453177
721381
320434
540921
749680
247964
823279
912739
425678
890993
25774
227795
359452
105212
699691
751680
547567
478742
572144
466180
750907
400892
56444
769483
431999
618332
253182
334135
615966
459328
305280
282644
449486
399444
588193
674099
809513
683797
821755
29029
651361
98648
565539
725653
35473
314740
88654
659971
4718
877198
438864
79385
534428
532479
792128
853547
319389
47716
948984
690768
688676
348673
59513
143191
830344
670930
662571
487400
255380
843632
856705
3513
159483
942813
116539
4457
587368
168684
593605
718781
363764
714512
856253
777588
24305
669247
683346
350600
147363
697026
373384
957956
340046
503836
758551
324349
908715
157204
922483
324142
787380
646433
322855
99060
900638
180594
334235
937570
71335
741143
983924
833730
639173
505167
450970
337065
488062
601838
194069
650870
318677
375275
497168
707367
768354
940100
588544
850135
327547
180110
27102
422936
117966
26269
685648
404521
478417
818635
229030
192468
218896
296297
646975
454375
81637
714816
72588
241292
217798
567810
971884
713607
284024
447826
6711
45068
635682
510509
999063
500923
213052
617651
367120
494009
70630
340630
634655
258924
585173
78046
498688
597138
520552
30806
77258
899711
747033
671382
983478
349041
446031
645230
299837
710865
389199
399788
301855
838217
670099
725643
97407
414460
307379
211320
592235
467046
781056
188226
302010
63186
499824
119069
110799
502450
618419
952018
94970
895646
242724
380487
577597
415596
849371
720998
615019
995112
8031
252077
745580
874032
545849
449298
512414
384239
51427
354321
760470
701428
291615
959827
483908
711726
454885
522044
204148
718790
691188
215570
208753
262489
582346
241733
912132
849169
54831
415967
221274
328735
415467
899017
939971
398550
430551
538935
822423
47975
810577
76721
916531
629621
84809
60223
345377
378900
385656
913649
142038
95843
180785
696904
256916
847107
603471
185668
735344
673267
315726
552075
617710
731722
77238
684147
606792
751184
522994
9196
132622
257080
337983
897037
259303
732158
722624
601593
160821
441689
712174
963886
720982
160286
380524
407722
676487
474289
591864
195258
876324
953192
771966
641696
439563
427709
196039
864864
657886
313648
159822
976679
249254
819895
60659
321689
934613
494819
712265
447861
635940
273553
536010
848487
891099
298505
142954
244459
501679
789942
17672
248025
581893
264962
232769
239121
596629
310094
543455
27843
772074
38347
331055
258587
257925
73080
54064
890760
188193
148344
641319
181416
585554
43727
124560
245586
853895
95353
154863
548991
88302
574439
798340
708117
829878
79318
674588
543186
24048
735438
646532
648017
645519
356533
411673
203580
378638
728653
774075
60943
791088
939409
473888
871748
258211
100263
169924
830497
671742
668865
946430
935962
502185
915094
836974
106339
426012
868025
679699
796631
16192
157075
292793
245502
297649
84162
236623
143806
290341
483788
91927
27233
308902
667777
534390
315519
147515
744045
40939
108552
418277
226423
565660
30448
633541
430554
538380
788343
142619
510781
139050
805780
336425
700464
259075
653373
83254
256581
359190
144534
568686
4361
955720
87476
61734
205662
430318
45836
286718
521142
358856
876860
226015
2414
823438
955894
491684
674437
567841
81605
739030
940791
379428
355069
230095
480634
489636
301635
662015
477268
201842
858614
142349
638551
936658
494713
542421
865018
753868
911071
30032
4246
278751
573169
456657
999098
301973
183326
709356
368875
652978
232448
376625
90939
5830
290951
409622
410436
465378
775556
190579
195394
325031
613140
927974
536906
950906
466855
361942
714347
533203
775724
513429
608800
800245
122843
572383
625326
384824
614494
292799
104736
497538
378205
497361
45917
717204
467941
361058
267235
924224
292084
119219
366626
268345
666339
967325
920695
735363
586032
398414
259779
913545
372583
340529
832808
496525
254701
391468
73056
115705
640745
966979
322681
967189
903887
580570
109425
386450
265930
942871
217705
419779
868870
531174
206281
731627
729367
612246
338481
15409
420681
760672
977559
457072
244229
78792
14978
109163
314972
463133
624418
464414
821363
799258
538889
125615
121419
846895
913802
48387
67756
633241
182829
165742
574894
635630
842060
524674
43876
858997
489229
139144
406501
504497
857980
319821
901240
595263
581955
757459
517403
597781
212937
617769
570352
98090
622693
706133
496901
389556
608254
119277
857087
906061
432065
136837
891938
319727
379261
889602
306239
279454
197150
592909
146362
712485
186244
432931
553398
940984
297535
850058
691488
392568
915305
932382
11733
779478
318880
466314
684081
187343
475039
73362
645749
608277
861113
619020
641300
403278
996401
362863
663898
872757
240504
179523
321913
293855
916548
142648
443122
722136
517321
643795
983197
683436
631894
75971
777876
204673
403663
781906
556802
93985
140611
867319
54083
243926
720873
434440
570424
919790
486012
238860
492971
193694
946608
594158
507801
664259
734031
371022
850016
601603
830901
53874
119238
443410
246884
830490
9059
34705
634373
803633
531309
127505
763772
854431
851550
128693
95398
550267
955716
2100
178674
991454
797029
917886
673497
466707
277452
661878
742651
588202
279412
672798
356632
594924
943952
319953
558887
953000
263349
876265
718358
369644
469285
899456
786079
283152
454137
869396
961860
427692
414314
441476
992103
297065
903484
36535
410632
514357
531591
278108
226459
468944
609443
447563
423941
57028
232303
938698
11315
410929
660414
42540
42903
284614
805343
213333
142912
932556
996488
844824
803285
787484
150302
269569
183598
15665
133988
102446
11536
611608
601981
591832
749378
328004
134687
749040
679312
247230
128342
395300
324060
897081
484722
170816
104219
518019
255247
286513
102195
364888
393535
462438
999535
115729
57046
530191
907421
740666
34065
105607
800197
905088
323171
263566
681222
592585
921182
284015
906830
178590
408827
62721
441269
497027
891846
340552
566647
801768
813992
723131
982028
151480
362386
449120
25766
488014
574084
590292
312007
823047
380535
334631
907516
813106
68781
938851
996793
831652
123411
989421
592530
63081
888655
4869
765972
505429
172268
564584
504574
983480
785568
561429
495967
846575
531830
303340
207117
682839
530972
608049
540223
62493
682763
449520
497864
233521
435662
825979
213809
560665
645362
738191
137905
399202
102409
287445
259851
845681
118298
878916
372676
393591
520808
137443
108032
418179
446685
912172
117368
678897
712980
89228
785818
258304
756032
925832
274750
21889
376251
281081
956736
184940
600047
623032
948030
379789
193115
346068
411631
187547
399427
158464
577118
809
866807
408714
851843
877750
241533
297030
984764
376159
381021
18889
122093
878260
527114
324625
713073
161575
429736
854978
626747
332896
858366
697675
168846
780078
528058
218919
521557
217177
106203
178560
775071
934227
709951
159726
257595
399629
78473
7900
938028
217189
29806
179467
66634
783484
977373
417456
701301
720486
499529
59961
312054
615355
749268
845102
750003
813130
554521
967474
756367
88749
655382
304296
840604
924600
197812
216434
677758
606603
901429
64532
63325
966855
132921
978807
787462
424093
350765
555402
942943
597890
533329
983875
255301
519999
300195
972419
91460
818340
800813
281880
618482
446748
576168
941980
526184
661340
669132
444410
786014
926966
372725
226000
915874
39434
126131
980912
561589
509083
950318
958529
604418
410687
978420
624131
528636
502961
276001
947184
630098
531777
764394
437949
185682
695274
559622
167488
757848
323396
648185
337835
958576
568656
60798
709110
777104
918705
730448
430299
940395
441338
846677
765755
402099
718818
976040
101726
814894
346388
110977
344024
10100
673251
847171
307974
314050
321627
807394
502264
142334
254771
161711
359401
312392
499486
39106
620713
431865
478272
291395
577180
618363
481598
462549
939739
837637
520942
945439
595192
847409
229486
770167
867294
546171
468048
145197
337623
447896
532339
258098
546088
624241
264877
22116
772951
593019
626212
474551
616845
625780
107452
712769
832725
492283
128490
134625
481220
839756
343975
325261
154547
537688
418369
922040
584040
466749
747019
834588
994899
491047
361717
47593
593972
420546
524470
400522
972314
752091
463333
208848
465093
75346
188328
988349
790573
5566
489155
165871
982044
652445
799122
671912
202486
630902
898322
556790
29209
868301
752409
960899
152479
866882
543782
428667
175232
908935
635475
562325
590293
956220
549799
492929
62711
223593
763912
877164
176518
35863
669709
273523
553029
580555
150002
595106
431907
696416
395941
916007
277781
351488
169213
275671
687390
992575
503882
310172
93040
506068
714631
696379
587500
671028
191916
936318
292550
868621
688288
111298
82692
714972
672652
494751
443365
981803
379979
370543
907038
64363
958141
351613
699840
982889
247803
894668
588917
40176
48292
837313
837097
885180
781846
972078
833925
627542
150393
871163
720278
217553
386101
779955
64524
759327
895875
4392
100255
116176
271585
422468
77260
64553
502815
143342
519037
971293
184791
683157
676295
530155
75386
558684
45837
699987
64260
206434
441410
543606
71825
218669
325643
231625
126730
213362
103938
634677
524152
939395
599959
692687
919737
999701
929105
309551
697423
918445
54002
571439
209622
815719
628409
826242
730062
667171
858113
680622
572310
726348
268743
178599
249850
417350
976905
913034
940515
75636
468041
845810
653037
618979
192049
437051
838806
819670
600016
181969
5457
840622
959362
218675
282234
579446
655982
364618
252709
762185
183593
719520
238671
873568
497785
430591
392374
337340
841204
915623
984261
506540
401350
576810
723495
706108
411280
644136
987132
775098
646638
947683
544489
368486
789969
440126
45514
417077
583883
784407
533059
751170
509802
263933
198388
704850
513019
93840
456842
92994
217968
450164
65138
308687
99036
776497
656233
313730
884442
882155
803631
608694
225806
40568
981274
37959
859075
931363
905159
213529
314292
406973
776811
305154
144230
796506
664583
334805
401202
946159
106042
70476
242849
775110
162928
863505
160879
757915
427577
666793
992242
165271
325364
748606
930068
875046
369258
624903
903356
56759
815287
756950
510668
936655
328098
257341
796867
138827
10766
859486
41857
980272
846410
788238
432939
753008
528899
994534
358949
824764
665177
447398
324284
696192
670030
13765
84966
542720
957723
70041
362016
770061
805917
410463
15415
157475
670124
301032
761315
195874
285197
184289
14093
644903
8893
325309
716978
992391
364781
592193
206111
601192
365134
375595
54492
306107
599426
578112
217189
938713
492401
13041
593555
154873
601725
154665
939290
851276
516237
565174
985387
621557
644422
621905
545210
549992
641240
745995
725082
316958
594740
153174
969092
166514
530844
22382
495158
137564
611346
222946
370040
575879
455026
925379
706618
352656
499036
579175
582617
97373
693641
293018
576768
990552
88063
623523
693867
796103
693791
576046
112519
9546
504860
114011
449653
344240
867846
727522
185902
188213
916228
331808
138816
639388
277984
885059
295799
45221
366781
957519
28247
309996
986723
209098
747205
309470
563707
731018
189509
153496
534934
144409
626653
997854
802663
131970
210329
181556
596625
749563
514088
744668
7643
304302
684324
114733
981569
48230
824239
357453
905700
689299
919160
337099
322081
276729
806237
936219
569278
982523
440939
996207
407232
205376
724288
978478
315227
545663
117330
713939
157889
651501
968
415589
215644
548928
302790
57998
400790
50078
813062
347227
31509
243943
71329
68047
945861
627484
429934
551268
412941
898730
233857
536735
82403
681047
899477
122959
107323
430152
229892
756706
584858
304172
635634
218403
723146
509321
6602
554003
220326
396961
808416
431907
483605
151616
336630
717132
459155
593765
142682
922636
584939
562827
532140
233982
456961
298642
45374
565524
918027
151887
555860
726963
218976
125293
227530
683498
630569
236798
210517
234960
115380
558882
606306
722170
106791
815826
941274
681366
198545
200778
877767
722792
303324
477393
33488
116254
412127
413542
108320
858385
337488
230729
153701
328987
190742
67042
872181
528399
934461
963602
363274
617817
282435
569557
222318
521331
744079
987665
983090
845185
638209
343357
463576
622923
73508
449521
861520
212116
163456
145414
743263
594267
334861
87337
133468
139182
276674
610369
49941
963877
619786
738810
299150
871298
879704
941294
151849
215651
998738
578096
240801
204705
620840
356788
541424
439113
970760
801950
914129
445365
743914
151013
163296
160006
624518
999524
487837
897855
743398
220413
223503
406529
149845
646698
404101
885279
668151
54754
342520
584861
476594
968356
527692
324426
995658
919650
409013
170359
550987
612429
864630
121491
525727
808185
121349
75620
252607
140205
756683
988004
411270
743242
486663
855990
520801
956950
534546
933379
267875
765411
38845
281654
381237
854624
553494
113488
216043
285244
975370
506728
771889
115570
917284
780163
392036
3830
602356
948108
603645
242554
103499
490096
541608
198301
940770
260376
779251
373681
365210
990724
262242
583015
208285
116929
105823
9049
716196
16134
729806
197876
830739
98545
673215
427264
117503
286361
980029
365774
451343
592463
176515
281341
643584
718198
361678
61224
442562
513660
522638
412527
326080
644916
401014
551393
3069
964946
275890
25987
402074
325506
427192
333952
238644
491941
100088
202668
449130
771177
541165
516854
424572
702019
616981
363242
347598
233996
674941
975073
628748
924917
444470
582214
1128
825704
585828
184901
123519
88701
207028
599057
313754
140566
848813
362514
79377
276376
21920
616746
970057
680454
774778
772899
594845
136955
101368
600631
967962
145924
814713
951930
344677
770456
378735
857704
246968
382581
601839
621575
347977
503448
199081
619897
175691
864600
869553
497888
166605
865823
123323
474605
734913
287558
474982
510088
147160
925644
107567
194326
736840
147827
297542
355753
251631
350520
258301
957834
642449
611885
468189
767515
964222
793140
990483
454892
984015
732378
789576
253533
711630
491917
794382
931819
370549
797628
536502
812696
110287
720649
857342
565243
956155
195565
950823
604513
1744
776041
670629
947231
723610
279013
600048
756086
720321
899623
918328
76321
313674
75121
352245
8125
964535
314423
491036
442645
242378
399611
675693
888330
831528
516615
113257
564187
391896
504903
576610
490071
944362
547392
392874
28252
967796
263089
589485
914698
389560
495556
689499
142538
941025
966961
38333
518132
68396
292720
429417
834594
338916
909784
772113
698127
616325
888217
941237
312298
723970
605586
56953
766397
916387
379536
811729
657205
112198
958373
896024
850189
691269
231968
890240
161499
589112
125550
934308
111799
704849
174604
264762
29124
877990
879400
696356
838108
914828
457300
951653
635996
956958
265765
191665
871881
727581
15406
584285
46813
836017
200020
410741
238002
407502
53198
721260
21578
53810
841340
909614
731513
756490
697056
6162
986799
500341
228413
307499
315366
706016
749258
251325
99876
697104
505299
297741
370925
468222
89453
987410
764041
31772
946580
191687
213613
855606
968227
307746
56649
452660
932078
204510
886509
826044
937023
883189
265881
668532
957804
551274
313759
494181
442130
357698
150455
259387
832240
90258
627743
675240
44834
24500
812269
669161
35895
458387
886003
425825
307634
816678
92941
272801
340442
457722
225033
870473
841470
611879
707252
751367
838921
47972
534333
502974
70333
144055
308808
157187
313487
455749
584978
869761
100767
416967
357884
149948
50579
143197
518774
703730
502351
698109
899337
574302
371347
530180
762112
691862
489200
416365
379956
731860
599656
911903
976179
900049
826785
492192
572173
938381
123334
761768
807226
305964
306235
58768
843115
222714
34874
963369
702507
977807
380751
537513
717554
508942
343468
481153
465159
314311
950186
64330
136718
149756
702109
544221
259317
801025
597650
328961
733623
371324
573351
673407
178444
673100
578439
584594
743278
421319
59458
853755
423687
364571
274949
293744
679420
994389
527610
595188
626000
413824
360319
658114
266550
118566
551675
108259
453432
238642
480995
337567
557885
493621
587464
153168
864250
8839
860313
819346
357432
612294
153981
952918
961341
449658
423429
500886
754970
252889
982930
175907
172497
732326
691779
439642
437216
707955
813976
559989
899566
943944
505384
216253
260753
978076
625659
287901
313658
16704
844549
275858
112638
516891
349184
466239
163905
317520
535716
855709
554945
374524
130950
423312
86716
250331
157067
252884
218431
655370
228615
197462
54029
674407
479542
931871
361000
524948
569237
266411
689215
209307
620446
213784
319859
309355
759711
631482
684615
776961
137014
736331
409380
777698
809195
979840
926215
572676
890410
601910
796808
639245
883611
445259
776200
157875
329376
102602
417653
309762
636458
347646
689404
808508
567160
1447
672397
771610
907310
979595
982660
877169
656654
786339
457209
374064
480853
690742
288357
523845
615668
948228
271535
946848
601129
157912
253010
779664
245946
473665
41645
104585
579854
848730
413928
20422
555304
751428
581501
975115
248256
214325
799210
234052
231104
717546
208178
434441
956760
869688
573962
858243
206078
956544
305319
409384
816582
929409
752866
238306
255385
776904
858244
3917
77461
221698
555828
198175
558465
226418
156410
2787
130475
968829
464623
548958
283488
727267
632131
159186
757064
425864
981419
343584
295899
12528
159845
477000
889156
699658
597993
75277
18000
395939
645742
758644
856659
84667
120149
183274
344152
855285
668726
714437
183810
50279
615110
904995
752259
297746
622498
113071
50616
463595
996346
861122
71328
721688
217308
77413
134648
203510
900828
558901
212852
382487
104798
649183
495579
825353
600256
116491
221823
182929
628518
584982
590936
175927
224227
386551
743549
897531
568896
652035
135934
645349
13613
813579
309536
745658
821058
934563
126198
265802
67888
540350
118808
180135
640520
548469
440771
740784
968104
943718
903053
913995
279358
586169
176963
648113
658298
345598
185505
646754
205844
377970
48940
609018
873143
713441
531568
972444
602313
768997
233682
938954
485911
565708
552145
281047
291554
589528
702429
102195
769344
424031
738900
808614
254129
559315
92245
520728
948543
89308
4419
433420
734096
585377
294040
730349
724300
464486
854307
89473
707749
474639
45471
2938
139015
509187
778610
106475
319070
859372
929407
985048
548734
250970
781992
270118
198836
180615
634019
188273
538087
665397
172023
411836
538217
572532
505748
776131
124192
823680
21709
588717
865995
693638
447091
726046
760947
11463
265679
754792
197489
828310
351099
828001
314966
676027
95005
719375
426362
482874
210305
982720
892836
36078
405394
17463
791251
108046
880821
902528
628071
654417
135107
494757
485807
334894
516833
86137
402000
341053
180349
973329
526734
707449
360742
273363
819450
376166
916552
628390
119992
871695
475331
709321
972780
480553
287080
331200
590209
729236
573648
773096
933781
712959
497368
139372
593156
876202
176380
769040
727248
675271
439695
546794
666346
123386
834772
416369
939936
627328
73469
987694
148642
763499
90877
222927
632562
189899
292556
927386
560424
646825
214967
793023
100063
357037
188833
659078
669184
839007
658394
463911
435112
640714
925209
458552
840185
753788
191705
41601
296314
885483
283214
753131
784684
103538
659139
845143
849770
254008
983186
685708
925307
481458
524671
495752
966072
722238
338865
22839
392468
432304
663693
582914
217933
436842
282608
304958
962990
83940
605321
13509
585726
124620
604562
340898
33481
218311
732457
338342
817096
324565
975695
439639
979567
671954
982523
143944
834068
271512
482012
233668
929335
303746
917162
310564
581234
153676
885416
613376
970238
869462
924664
654082
84447
519
909210
585622
29037
900814
576323
334973
58433
539268
175254
686913
256760
166318
76609
868355
131303
492318
773303
609456
932251
8952
315141
430226
884875
639890
769555
413251
902557
556469
362810
45692
770961
418625
919932
197643
910542
248428
9252
709283
696263
769258
654267
620173
838666
817193
740516
184573
687909
803380
91925
270399
86261
202487
536946
94736
144780
663138
411592
580041
748158
956966
859746
484598
361096
796892
753292
265093
732318
446213
897826
437018
324752
29676
376531
670592
489816
478312
622968
302393
59394
576381
618507
640246
527032
383522
280581
308770
540201
973598
928920
144792
432278
914380
115910
474102
219065
830845
643356
608009
501842
622972
761295
913895
99535
311532
632497
469788
450199
903502
807824
525628
948787
14431
947948
186840
708825
395870
380818
871691
361431
274220
476441
696692
270296
191627
914296
123070
762326
855497
522819
406170
603997
299894
645824
245710
786040
511312
640042
710247
987706
863040
268417
928202
91626
596413
865164
111081
529612
580815
67821
97553
885064
577838
745055
300319
116922
800265
80526
182227
356821
774882
817810
515452
902452
813846
10186
480851
188031
232826
987153
973092
190518
382689
608736
891751
436829
312699
819904
955053
684100
69848
624489
930166
918642
470986
591228
538591
593518
650279
698778
583928
26153
653869
230943
476148
292683
751489
332031
847162
952920
752208
789179
552472
355711
396310
833279
279255
45119
15805
162587
962345
528630
795613
766108
802623
625672
182818
735687
70391
364328
91915
31089
488883
749254
714063
123582
471429
383061
619674
823732
931206
724600
436917
524475
18374
363080
4803
207539
659485
479556
111463
366642
357536
239382
610051
804248
440943
634494
142492
658577
764844
654365
745433
561703
901766
572000
541034
304577
781555
529479
297734
836093
861884
222097
648012
199077
4978
481670
985099
179856
814654
364577
717469
175384
123158
547863
153454
983923
477580
878472
923418
498352
899328
169025
321013
941008
212022
823660
859172
647167
188226
194261
758760
822573
338336
633049
194555
706126
639328
63405
36307
426602
331582
339016
842819
702689
885136
704302
347073
801215
845528
170971
447042
212536
901433
255368
628481
891008
467079
532828
837983
916105
5495
978738
670885
638554
342069
482051
820325
350793
162837
996464
374014
442389
312545
759407
420157
876450
8273
51023
22176
846993
662168
609769
769719
160443
638299
144997
577188
559435
956285
562662
449665
455669
413653
110931
202144
204887
78913
846531
144557
315242
742164
235076
767408
220901
882218
862665
842159
384878
702109
758317
754417
147453
730192
101800
547356
529552
413416
209677
914752
384453
461851
978301
5293
735063
550496
57836
672638
604599
605190
367629
635001
674630
472929
670813
186190
62509
134431
548233
998397
547354
853176
784765
416405
579799
142724
815435
599511
118408
183782
462068
537721
342593
467686
2773
160518
558466
807453
494704
992034
576592
683721
255766
165804
222321
56448
727471
341244
439811
5826
685030
103564
106361
900327
934643
804786
202995
472823
236742
700299
28601
295192
3789
795828
223637
969826
754146
616242
681546
850383
78804
878961
409780
356750
156624
476906
9661
702006
584877
220637
342777
942167
5137
189694
394911
403757
107074
50924
310821
550830
604237
337948
196919
823427
169549
597076
288723
695699
636568
674324
190724
41466
514764
898447
201528
814104
815601
701910
211328
120390
740747
101142
459813
138724
620415
873400
490465
657102
158623
524326
752833
858797
980308
315630
705749
368169
298471
473727
988112
506748
447148
684495
772547
873186
842635
764895
32881
298413
249836
960982
156174
324724
234174
620490
674905
605995
511397
656286
809747
993231
572094
134149
461274
931000
701136
320933
195303
616336
907152
801942
29473
242594
169424
797257
98651
901516
50246
946758
573489
887311
653301
342349
36474
38917
592698
677982
786218
515186
122741
212948
42887
198514
542546
574381
442118
502354
463283
754853
792450
612859
784252
113151
538520
552330
417274
928101
682593
174843
522737
602151
505229
443523
358528
563295
44312
749884
990067
493941
318764
728763
127205
466879
142931
6333
483984
483456
775831
564800
272435
627537
304889
546159
872350
591774
472074
330869
179869
256647
15784
678451
652863
783462
440921
278412
498690
921648
539197
596317
291100
497524
845939
898186
1832
850177
621963
764468
535020
482149
631331
687943
94211
615439
866528
692015
973228
501142
286987
240554
602605
322643
397317
758392
935653
907496
112680
16112
177261
24868
93756
319469
463850
340671
986899
328485
517939
351168
320834
214425
256281
191294
355068
280360
203607
766978
364556
159551
371223
475660
730671
510763
618143
173229
206411
11855
609366
560017
604432
687473
952503
325983
799594
403310
173201
740409
363744
893646
461560
484190
681740
862898
555724
611439
507895
82474
949091
820559
834064
57251
247318
159395
854793
117118
711525
623416
385103
287739
297160
82180
854052
540948
313171
757253
607834
923878
192708
414598
299949
588042
234988
407040
814526
497859
674872
965981
42472
83727
117212
203800
52609
395680
527643
645504
346799
205989
757429
18778
265444
22913
260460
458662
166967
115997
305525
850554
707808
653401
285304
493195
445904
939357
205124
797067
65835
362190
435667
4332
781283
253085
613748
645122
749490
763065
424603
876550
437428
702372
834881
176758
672350
237731
653049
504026
483039
935311
798737
955490
875025
226441
712929
375788
596636
763211
416563
260449
29160
373849
580942
539647
198716
112085
908897
852081
884152
966514
543241
812954
577003
842945
917887
830192
305554
867239
288737
801733
687598
492272
967003
813410
275520
77180
567858
31948
600164
361047
698669
630952
926919
68967
244704
191866
987399
670270
249942
30985
572006
766224
98458
529631
818537
376126
445410
667692
109779
817040
409753
555850
192121
889922
730184
294556
304898
987765
634848
395023
712765
190534
359398
867266
982495
526076
294011
750850
314135
621403
572551
793390
628432
91669
730178
564410
387843
621920
577950
457999
564278
707683
714004
482830
559060
356938
992906
556533
400106
440505
656734
198747
208380
201244
502034
225365
196994
78685
473620
261179
441858
175
212264
387524
727499
514311
396660
809102
993163
231467
104552
738491
771278
925475
56008
910325
330899
702539
423959
300497
820492
64778
810721
645649
467635
486237
379622
964036
501508
41677
102110
694344
557531
648767
896365
480112
629802
973354
414821
5184
870870
806371
3698
554965
332975
943572
21158
170786
968778
262859
386978
899604
983357
724270
293789
361687
222903
369997
306900
38002
928569
95248
603470
891662
867957
365903
437835
648660
606785
437888
578697
847540
890808
217739
301810
896385
27438
302330
820837
267513
929933
884364
476831
723299
703377
444201
216902
535505
250268
263215
158994
160709
126390
748074
943000
610928
581413
709155
160629
358741
901477
273039
326803
790925
626629
817704
36571
17379
305758
441689
380983
482655
18224
751571
756354
333856
470170
397117
255503
213090
348342
248264
460307
887392
892303
523424
94896
229331
477311
799870
223262
815256
385706
411674
85752
751919
805905
736190
968801
972063
555411
192822
300561
479672
128199
284516
566080
264305
760558
597872
445293
5999
731288
620828
445707
100519
499926
159093
636169
713626
878040
781349
993852
716927
704674
459046
179116
128063
339695
750033
431864
715482
766626
572757
3494
576679
909413
913219
936203
766712
192737
820677
217939
824155
94232
743983
326382
933757
660002
13933
666584
115754
405058
828700
872514
303024
232484
923126
847138
326945
248245
557477
962324
252854
285087
820024
793195
448848
922400
921907
767769
625498
395014
159936
196534
538571
674633
21956
44336
294536
144132
520909
273168
884774
359186
230183
779685
499533
933249
443278
315343
932600
453558
239485
970026
258328
680221
118821
616916
485336
420554
170233
419869
941116
618353
329510
263690
217699
84158
22816
551686
79851
74898
363096
575462
704243
565019
183754
313815
194043
484111
693682
72103
447272
246085
610078
352940
584933
601712
211359
634580
542563
401656
851545
647819
978752
547127
56698
644099
679238
973005
655431
291171
88778
493344
114450
675086
694965
839539
985224
869326
61023
918306
703335
613341
154135
487479
204428
504272
949695
169836
600618
562849
933780
187198
95447
594519
438348
984491
796416
37716
230040
464712
240637
619706
693641
945665
250687
55227
496015
310381
62438
358525
293788
497420
301743
879846
104422
454753
705035
231625
960908
517542
26827
372716
265936
722289
254582
322101
338690
23393
474685
120241
270526
619652
473158
851393
691532
445385
461412
720930
391013
972764
786600
213911
108885
71012
661073
776181
709180
936853
456606
813707
680302
800946
894084
115180
996474
501475
421244
592986
839176
804782
35955
94224
341915
440085
212325
374380
300023
356620
914116
436471
698204
547030
711378
674322
706224
116347
898574
767744
906362
70760
549834
191114
716682
230755
94619
263955
386487
600681
79147
256632
192001
663333
666921
705571
750549
551055
327071
870829
914990
201887
401187
317997
205784
25773
621863
802402
197839
396327
579244
559416
448903
364590
732243
425467
854469
801037
397652
153557
108394
884118
115847
205829
984848
278619
111584
179871
184077
357446
787960
930873
528981
38166
693510
810681
452796
136054
847788
269561
181720
264828
573102
983188
382596
845755
698621
841680
377218
908101
399410
770920
348088
964480
872214
69492
193883
893667
760926
722231
675817
360526
297140
547653
944400
495876
38704
86543
989868
425798
99173
970381
545902
943052
165528
287494
965080
559650
12300
242367
376996
666718
325177
871294
979844
76474
134298
409593
429125
440850
448293
387872
724493
48763
714390
842820
32771
484221
316901
859490
1869
748911
951766
175568
819508
155886
973167
799043
323685
677049
406019
583355
176977
83756
490605
800523
202995
318103
96857
170952
22833
702459
790460
548942
696732
366368
988387
575018
821522
206614
144937
137383
361347
374598
789507
226936
688656
575731
694645
339199
717903
370259
811751
41464
321643
576324
98706
674309
382185
387053
752917
667862
826629
411314
397924
183028
483067
723411
367712
205867
241313
613538
317953
842258
142001
528095
43951
254584
706469
208113
215920
594605
795451
330691
221052
445290
614808
700153
696109
361950
251273
586702
836754
241813
786212
935116
147235
339655
854925
132710
182478
905531
21012
845365
748464
883926
530236
621005
276255
788932
520791
584764
935972
373186
616461
571551
758022
876229
790651
255200
964993
114506
804471
392655
94806
103227
773874
319068
675388
846715
460663
986415
840308
246606
955792
498148
579322
101736
647687
233190
170583
42129
910474
382119
414420
938289
154920
388281
99145
501694
716216
666892
206995
160958
649240
674437
273507
648059
198611
461303
518003
162179
816924
730432
392916
452057
93943
912066
826852
659708
739127
849661
239259
51601
757602
298246
952068
104303
470128
538726
138440
898695
194226
162834
97381
14190
464656
92162
173438
605577
874027
679279
567693
661972
161057
407470
898804
102543
427630
864612
845040
858885
951215
61605
955694
911226
344642
420590
780792
828656
937162
130106
868680
936662
846415
774212
647549
999694
921538
664731
649323
144665
663838
310875
12685
393250
429673
967117
742101
626724
535066
639261
672740
272248
313108
711732
278934
962750
202000
401202
800820
852712
696410
758409
220493
954398
466354
583609
503198
690321
740755
865827
159982
745888
352464
706445
661047
198432
647321
960881
812926
87436
661213
113346
685572
427657
340618
601852
827989
42131
535215
959270
378301
67978
31299
772839
470362
398163
230783
379266
836365
47404
245990
22256
67914
64784
776869
484505
294223
82627
212372
553326
192946
299899
717212
639654
294354
297003
874931
341010
193071
202477
947843
805599
657558
382154
579562
341736
541109
564585
53402
39414
253005
853459
956575
789141
234117
593631
347009
367699
857114
722879
436415
787352
571636
794853
751036
528989
235668
784339
446774
977867
765802
942846
678576
443440
31748
794142
374578
610848
132896
575765
993383
675878
98210
14777
223844
182182
649953
765376
598600
413200
612059
220807
653822
910851
782217
564671
951327
777404
72462
471156
620405
839033
673608
880955
970523
744110
611849
354424
269312
244835
1440
942857
322698
703976
809680
508435
489302
915702
44130
405095
265310
921508
776534
644240
748340
277634
519221
621691
442603
459798
286786
7811
568724
347889
363919
127961
700006
529772
272299
530637
321143
963012
550393
459963
484647
89935
832348
264596
939164
330458
10382
558216
415975
59810
542992
746829
864325
695275
143036
921295
679042
171967
902710
213044
759032
885830
710785
394570
457654
349247
178605
393104
232252
7385
832558
170142
391074
491888
417737
176882
362455
365607
848615
731671
431367
294558
33356
345843
691606
674256
247841
64494
178698
917004
897581
656123
451653
19534
287650
348292
52527
777338
538772
558390
594290
88564
152708
629030
996319
709214
17179
629790
921838
349359
286514
446409
274914
989549
282830
74166
262027
862407
283817
848908
339941
843921
78059
208715
145694
999580
97144
316474
723253
488945
287651
698099
508734
780330
46528
822343
758914
280174
625174
990671
95299
284743
234739
300944
21212
329570
445786
241418
221511
446050
459096
566557
983865
946976
711797
399513
935784
76035
81477
109665
517484
242233
864286
125818
978819
392079
541027
733813
380015
616819
102143
265911
530554
888643
873518
248162
31322
344145
227189
938466
966639
318198
565170
215446
691496
329808
172942
771288
332294
470937
57166
190763
796601
152933
20297
498368
906086
773560
627572
116069
880522
222785
61785
172619
37624
707703
903654
383154
582078
387663
470690
381875
34726
566295
729210
7017
187096
5106
761530
622461
927133
233136
881303
578957
810622
459465
303017
595193
982411
597495
598134
75466
20343
932013
188776
309118
108576
438455
63521
591476
593133
105135
423205
534448
613137
374169
155254
107532
65324
684252
700221
103932
39376
299102
525796
517692
45536
30138
438848
793816
546389
574497
626860
663639
539994
681290
604721
904453
477335
291607
810465
479516
709900
887046
221571
318543
367507
145424
47016
806130
113543
488033
625052
380297
271876
337973
481272
361067
542724
295756
907733
459922
720744
178569
600411
799362
678936
369133
180791
470484
173953
691370
686443
845151
647741
842535
990271
203585
552721
73744
683093
949519
879887
902038
286234
466455
433244
384330
36248
806030
56204
571473
450537
131611
317865
272197
742663
811583
647059
346601
931326
98399
717057
404486
44290
365103
244901
679910
710301
419069
148462
967340
255552
705239
999975
947470
390139
743066
17981
287921
304200
212185
600221
640544
865666
683686
353404
242024
586291
763712
725744
183762
288714
821337
768060
455230
876460
306242
293033
719960
215457
861877
990095
938554
115631
107903
605875
531230
4164
147400
855754
238526
707660
398208
449116
374474
509667
89896
99076
550469
607908
817338
420180
911485
459232
908854
407189
633637
324523
35339
756331
751184
959760
439774
440471
413004
462692
32121
10071
880601
135480
461267
515048
918469
177512
976824
396715
516965
217872
426837
292581
797938
210079
442594
724897
342653
307331
743852
387632
691600
520068
389246
990289
985123
781485
814891
893547
487544
472996
817595
569783
353428
323611
372464
326906
468634
907423
682739
598832
20613
92558
763232
984837
168257
46757
766059
407868
934119
124663
794861
429747
99475
590010
39759
512573
919012
118204
681489
917039
156816
224563
353592
342647
136673
86769
51538
483173
663888
594550
624679
511757
580092
867744
774526
864453
384711
950333
601801
440522
244430
476609
7278
656895
105027
829779
588082
838933
749480
636673
25476
775942
790505
94549
430052
210170
902231
218495
51118
532813
581885
464305
210247
126440
169057
305034
504482
350348
663768
300202
103600
929965
768774
64356
839010
973243
222066
688081
686684
191355
758978
313729
787383
46036
962839
83533
417267
988774
481927
389000
236920
789205
637875
715988
929479
618788
871621
362320
106818
677947
15880
91055
845588
680779
664036
17316
813182
485064
570484
886841
890751
853013
704198
932031
637920
993790
212654
30560
179481
524958
754503
793040
459555
135521
890888
654370
196763
361060
619454
550135
217488
171769
125739
344593
295145
324422
138491
684741
519030
92941
260447
836367
53393
9926
79113
994112
58864
791528
24898
624274
513291
647238
231659
4380
323428
773782
101454
372960
698616
898446
674400
740738
535936
577000
95957
188244
681508
496452
731616
86604
777021
931243
431750
636631
999493
526833
608926
149382
20190
786421
709991
50087
656443
651267
307014
778671
212783
404696
544346
574162
767120
155909
212925
746613
324423
479340
188442
891771
1911
614055
323942
569340
768520
592969
402749
471892
30735
824252
520537
490391
93340
121097
20977
753570
288735
674423
655084
193741
349431
318474
187328
908412
259225
290092
492588
122773
665369
365610
592718
440076
743576
283157
618785
251673
166155
136457
121623
75083
487267
755146
880399
780278
546270
153354
832052
388936
766826
603591
874929
771002
656689
367377
43156
933858
814534
58921
153022
967397
218538
354373
995716
645641
161466
109617
608742
257064
457657
361103
14634
971072
9718
968319
388756
647592
874650
867737
809603
916445
236688
323351
734763
254395
654993
914640
273130
274887
913291
548831
98953
750057
154477
887458
276626
280823
533521
819870
742985
605420
590535
479424
234824
985911
792442
755070
241274
745008
863874
798812
275444
368549
12677
13707
177579
17619
131018
665132
660118
655920
18524
321586
583137
301797
620503
640549
519562
782489
291794
752962
46620
473193
810217
476352
373126
306036
184293
29741
447064
711890
87242
11703
95257
215908
317886
820935
895047
128902
387537
956040
349484
748513
198253
820614
805913
283742
801179
525489
602242
460149
65647
47552
260981
498275
498898
766770
439096
966970
633450
695407
534207
780626
418600
299981
661127
951197
742061
610672
211474
462297
652314
896585
697855
410078
315507
393151
198341
719447
191214
748138
684236
629261
313438
396539
197608
133151
560695
736506
853106
924686
561533
561704
424261
88693
948430
800579
964690
338197
224328
963304
19681
15566
263960
549522
651429
735914
83936
441088
771002
652948
332036
23349
140413
509670
219090
816793
433288
912032
225739
548861
773576
360244
679890
811324
694269
118141
979824
629821
248014
166096
589954
317012
477895
241899
853312
830856
101296
986507
305706
703983
113675
739738
695377
459958
975721
402052
693503
51901
735145
282602
113156
605663
337550
214256
457182
985935
746108
971633
362500
322014
777807
414354
160975
934873
856664
653620
818117
614862
833718
230019
942276
703471
9740
610603
710408
824912
266916
47723
673561
22731
408544
900801
614868
600899
301720
503685
774419
873605
239445
612370
972092
648906
66537
308319
986275
437849
565033
923371
924061
942857
941065
572631
400162
319844
636050
4877
807069
706344
856706
979038
976916
845607
858688
424810
505583
967246
80442
188600
214951
595522
137693
489638
945740
332902
413104
752698
982002
96441
359438
675542
970169
404573
278654
907850
518776
980978
410224
774660
184710
55777
336471
405986
36132
512757
427869
804776
357258
78691
151495
435725
894733
528810
599335
710000
644713
435477
792312
204840
436721
884446
215513
324217
842192
819501
382249
868130
485819
532478
456123
174802
498805
498464
85174
577019
639550
976857
642636
620800
761497
780647
924245
530056
25657
814177
613063
12340
889671
57596
482132
893165
165266
611498
349921
699478
434132
345565
78622
262753
709469
203818
618630
991165
887455
88264
662261
774189
486101
512311
220257
334900
872784
127101
426486
437997
535519
961291
249362
288567
243098
519103
203290
606220
190859
301379
68599
40371
539514
18578
876913
136268
363412
255707
162022
856521
268791
863358
354854
684412
394013
964275
772526
623946
112482
92426
453696
698431
388339
293708
884827
457212
793301
275265
833116
597963
108623
910731
536113
874323
610806
784432
569398
993062
208787
756149
632110
600952
625330
846501
882719
535851
709002
790769
497802
626565
357188
326705
20613
416259
444970
556937
330359
366343
887469
887143
278896
710828
813842
966504
502242
361338
423163
282202
776576
28021
605326
874204
656690
175440
559236
715298
904690
963263
850000
894421
537670
754666
673385
983831
406042
165629
605814
464164
95609
500316
817237
925332
892776
647732
493385
674620
466015
779373
220798
701749
54501
425211
511993
145844
556935
60884
671008
80536
650164
671164
185187
312707
191032
517052
52806
76767
271059
766705
330317
790658
524598
748544
2371
476588
882649
363751
79974
78189
698875
703407
702258
490340
946423
891581
317064
381410
413440
413832
856251
434540
384761
473125
463800
828639
890931
744127
308559
356526
566660
717410
602082
954887
969472
43510
159657
936661
493527
639432
322463
974366
803403
678532
939276
552011
596684
611519
919344
708680
426865
952369
876809
511362
870229
899968
996481
178317
555148
890103
841144
267368
482113
433301
754409
115608
449902
446338
937211
20464
635830
257437
318950
11570
614818
201200
716288
230544
505142
403717
638820
904715
667823
389394
366333
513213
756636
314895
38580
342450
183190
834408
81588
7472
19230
527950
610646
821079
285201
650665
501294
993059
571594
975272
378481
512655
56276
161784
803521
817876
33162
946066
247639
52624
670414
344431
626572
199681
550562
179287
340228
467440
761638
662487
869880
920554
352622
548625
615774
625193
277503
32173
137590
699730
309223
421486
51251
896664
886006
915423
68997
493310
730012
555692
830527
748729
447713
351884
276330
843187
384763
112860
899365
255980
964943
913096
961463
254587
652359
170722
217395
739379
253196
371156
288646
202401
56160
402418
683617
22769
529051
657577
589501
108272
443520
135125
478095
954795
252796
544046
789258
14519
814778
751649
463308
19914
713637
386749
952678
120647
274363
331140
819723
200471
318923
382370
89428
280562
569419
132410
76205
969278
22872
166235
84128
434574
87626
91857
64316
564171
925235
136216
818913
169200
613237
400364
102443
784367
946237
387964
399673
786161
282400
402172
856153
8955
795984
819802
855377
54892
891066
325512
183180
734818
825536
365176
412192
356349
423118
489446
889592
31227
303259
266446
412643
292867
9342
868095
597880
472381
346666
45000
323555
848158
984968
304334
983889
881281
483760
774271
134004
508081
948867
727009
881907
472707
541543
417412
262898
427360
782688
171990
120569
132961
803144
186453
627203
118547
762539
810975
933925
624473
89153
997989
359961
995633
836488
496190
44327
907151
634238
258520
512751
415781
280248
506441
332821
98436
124706
476163
942089
855644
874580
603814
866609
441055
580620
94576
353334
501060
426638
29264
55464
780456
283925
295384
876623
782735
640820
582992
400207
304519
92046
337958
702967
985453
432110
672195
409702
364937
449604
515066
481562
951637
145021
617114
85718
860699
859518
548835
640176
363324
833660
304085
279220
330764
825914
495267
153592
56475
766240
253255
685694
79567
309109
548911
347455
192749
804090
184085
654746
441782
843746
364972
714649
3630
23025
5622
225243
847160
809711
874866
777700
218012
251785
450227
904510
30059
846149
105804
145929
264442
179104
801448
416870
333450
8454
927926
424252
342152
716718
701953
336741
831343
86415
731869
190713
969547
371138
379069
692021
721817
559605
670306
264519
424651
279369
65198
961528
78439
795082
197847
661878
998799
972616
527671
531517
23067
591830
328575
602914
488674
472094
515916
66748
403352
688351
552210
88623
726865
302213
510837
893782
247716
405092
951222
566412
923947
929424
625162
838999
217766
416027
258567
737970
871231
132524
141687
207542
205096
810936
316623
582564
822176
475936
628986
529
733717
383399
714894
420079
589796
169422
397344
789876
591996
956815
133362
858344
609440
482866
891595
304080
428299
965006
897120
945970
140525
412384
593006
192453
283092
666113
287273
317047
174374
97415
439566
598490
430922
123003
153365
330028
933671
824178
647106
431489
260420
98378
851675
975439
823567
917762
17652
81494
771257
255287
144166
184170
220158
831287
3422
895134
417730
84996
807953
901711
259543
394151
641741
423306
479259
478893
853419
105179
570239
759875
875873
11187
353378
915561
614644
765685
40091
754518
997962
243165
733590
13737
152477
727565
840405
379271
345740
923254
711192
795925
601420
765535
234136
124051
823547
44117
438829
64979
133013
246896
648399
941781
751551
934653
728569
338369
198785
847821
409321
829889
818129
91673
620548
61880
556810
533456
672215
861538
290364
546495
136441
915913
721692
877724
859276
171361
21404
560175
178722
171201
935894
899358
371260
326526
463457
852691
66925
335846
943366
607436
784029
101398
45773
115839
163049
227001
38640
289575
121960
786845
412529
343791
822409
347827
435719
972218
531224
226851
168756
485773
499679
645514
397234
178586
304041
362065
102987
813546
230754
725611
203528
598245
960986
864234
474113
596737
492968
627007
779092
913861
973483
74572
371185
70713
887852
892136
232465
753964
431071
849518
49926
999905
224520
824322
292270
856727
883835
111842
206977
728308
754043
150628
834442
377805
788740
416786
239795
31125
914981
685342
84024
633247
782788
224195
128382
481937
376390
102459
635836
959591
960646
331479
468311
524513
792514
260094
887756
692491
36565
163204
859655
505703
879710
637990
284816
519480
850752
720416
607717
107181
111747
585067
635682
514089
152729
303446
525853
471979
93050
822976
46926
563359
944816
977072
534251
503936
223407
562833
192786
338856
610268
774477
473632
179829
827118
259524
623327
640602
622322
24233
615643
464959
949416
805817
276245
153366
211275
947929
418449
203708
992942
84108
455498
837511
472834
570702
618182
676466
69044
424271
965252
929634
268403
969807
416913
962004
155599
407122
305210
123238
366397
385985
869467
689022
879991
230749
221718
272475
937088
81312
746528
457014
118597
581938
599029
943444
538783
324292
972523
965355
832758
886733
732132
472238
264895
676447
162334
285559
227429
751653
322725
851153
633990
674300
812712
791455
944020
820010
324072
53547
721372
745087
1676
579727
958627
97671
572754
926330
935532
529832
51552
894624
827287
147551
598136
108608
744612
293457
21386
36371
446676
234832
546724
672078
274544
114221
48581
221396
304739
207029
796431
665788
391490
648905
860314
11514
2221
951774
403621
822316
784269
175181
820135
657027
467772
706263
486404
411276
729349
433657
433179
63770
950336
679272
66556
745362
116320
215978
201655
685075
800776
122961
888399
246912
241943
666964
14414
57195
35077
849099
493490
587423
415653
330375
440325
92362
519626
47371
618506
965829
890886
31595
935891
360834
591694
78656
73904
262097
771193
599877
734017
492366
291943
482322
769709
623659
625214
349298
170091
167638
762000
340451
26237
589958
402904
817321
914109
448743
330531
116815
106384
955808
813324
108411
111607
623165
990432
440685
392132
468862
560416
433364
399145
361019
827364
460301
553324
127666
229852
117497
955895
470063
138226
191481
342219
539095
332044
780809
38613
988816
984621
915766
652761
132112
75195
935421
795403
444353
227803
310146
967804
96654
917624
698793
650225
100237
541283
714901
755792
59209
140436
508027
253684
838635
445647
786274
694879
460612
371234
641017
415567
862585
891723
240980
330793
588619
435318
821893
159698
889921
673955
812051
975005
642485
109030
975258
588126
268281
18376
502654
798941
82788
199243
296205
570023
599996
790347
470961
491070
10689
962816
685710
642416
857876
880544
673278
570309
249346
707617
883302
546513
707953
9372
407605
12650
376294
816397
214649
510964
807537
935799
69981
432472
139766
731557
471555
830163
426264
83403
448378
462571
418627
347146
789212
623100
966486
694226
745287
223280
834796
256034
819318
371213
885510
796715
170235
202023
364054
102610
384603
323447
588202
494868
323654
296004
521780
441861
642865
114430
862962
90161
96402
674154
251262
274531
640247
674934
664436
924419
644740
737774
637947
276506
188615
545223
907122
279474
323513
638937
248889
207321
105684
194986
314969
194884
842316
754853
879441
739087
294635
915306
848190
995490
386380
659071
839014
999920
612915
558948
204129
27609
358664
960195
8356
568239
307886
68358
293675
214678
168324
66243
401218
208837
318968
77587
603953
461993
683459
71488
260994
200040
989573
853276
612016
939394
110781
292974
458222
334868
695588
888072
522512
551031
189607
144116
220762
673797
33216
172812
425124
997820
402736
351913
441382
32442
817051
825332
226406
103848
982399
105432
282491
527284
487890
331608
403581
101302
792696
246204
175115
211188
997534
40551
579384
571649
261814
874820
927890
57536
714703
571359
996433
240070
765712
481808
516825
808605
289104
820817
522668
37541
797653
61425
713455
645206
198184
166241
147479
722016
469969
788972
544176
269171
378869
287684
540618
861082
850376
429367
317888
489346
517104
289921
920870
670425
557176
965562
566222
675730
811117
654128
597367
843333
944537
216975
710419
127026
479705
187325
476916
354214
997661
44099
837330
695862
76476
557605
162619
230888
282098
405202
339608
113906
881015
87990
833815
490138
96380
18797
887226
801980
719365
825107
586748
787882
846237
567351
498651
407149
86907
815854
147079
305322
355952
239811
741989
414944
67721
929740
636160
571086
659335
784280
828749
143474
448184
528836
396761
535723
893105
191149
429521
335296
674347
916415
256301
477049
20280
613484
185403
389867
138336
95609
276228
858002
443676
795634
73564
395862
815662
85438
598731
69040
541083
945613
891155
785254
29254
506733
914398
992370
855275
992636
653126
252353
329972
437048
121472
429143
699
1906
472294
196239
358621
700194
548767
911936
328247
441043
760621
183740
301120
685503
89938
219698
545155
269941
415904
308659
35639
38454
588380
719697
176700
227488
46606
4900
324021
489474
480424
506662
928316
274894
564624
340030
910214
911724
246028
108890
13909
683563
687881
810165
985300
671186
806216
918072
391250
536213
329190
249020
84638
995427
149574
324142
326651
777244
661469
999628
455616
688992
388121
137676
674831
87107
496175
590875
301999
992860
173632
477186
248137
793277
550247
244901
928444
844925
553313
343078
897821
328432
847193
365670
937870
34744
708752
712876
654137
542261
273766
555294
987754
455768
575175
748523
889735
336213
69173
233803
665644
210359
998317
206622
682855
653133
630073
744817
969869
538050
227026
472672
321719
489034
633263
154709
580252
19896
789550
976110
28620
767085
659998
13501
300359
846508
373415
829545
809976
439880
275158
15985
363537
572094
834185
713873
720964
576607
650867
292797
580379
525542
409933
423050
233396
426024
339610
632492
763101
705769
194325
718234
291656
204106
49272
6606
53931
536800
422699
950504
443383
977697
265608
6194
62578
764664
500039
969150
619571
121976
456139
868460
547129
445996
881928
771976
702185
786765
86031
255568
138723
749837
666743
684627
548736
497552
911786
715764
867241
179578
998921
892686
900375
930403
385213
625137
655906
386215
764507
662411
311240
161371
862771
939683
141565
534042
8373
836990
533481
920125
323137
980516
342787
118441
191050
935420
853832
954817
734245
835156
309399
914236
672308
475965
262956
349458
722217
104851
134135
281745
327673
918235
580056
109964
692384
138757
407226
923378
747722
454096
332361
934204
116261
525644
119121
302912
88065
635067
832244
185315
33504
140817
504072
800940
5152
208219
954827
42163
754114
602620
788163
722680
437654
595538
210423
442639
206149
192054
479683
615097
282042
64162
70044
797135
428334
288942
457697
865367
944080
650483
434521
283257
709965
569424
80783
889227
63489
276875
779591
301577
863226
260303
877852
139872
563812
37843
752311
690921
5015
648796
124462
49331
619834
496025
476791
164281
110866
533291
356807
892467
238379
470664
890315
721352
384481
516149
640258
211808
907
977264
361973
521176
594821
852784
148628
282639
770329
310276
161135
858205
398794
699800
110861
989348
789052
861079
552108
313918
24707
449962
918550
164374
672838
196510
211549
206674
362447
707875
214003
445358
456307
737840
224424
468772
850521
28996
683136
349447
695464
50632
472304
831600
822417
377105
516341
845455
714998
791745
737874
547683
450677
816396
584868
329796
330966
237656
281059
502173
228557
648318
9015
882040
605547
163950
12020
412466
562599
494895
411508
126413
649413
225411
932176
113956
106593
359912
219643
344057
459482
726011
757818
542890
466462
950520
935812
763523
120781
432348
203122
86445
970636
187563
441058
198851
830825
841998
509358
324101
81574
305364
80580
515685
899620
983577
712738
650623
311982
161412
873521
218278
275678
52202
734395
424345
162415
546768
915785
397333
334561
685005
559581
550212
283203
728910
675080
21331
691104
998644
1962
32865
881160
228888
110660
104339
460218
447982
984571
878276
548587
856519
582572
661978
475189
299824
324838
304372
856351
619320
72968
298815
655941
314255
927864
282024
432804
11082
134077
186988
59332
371331
462394
940042
492866
606686
911240
155866
167033
120870
606254
450232
678797
739541
511616
805336
45395
157938
749073
705853
179936
98133
939286
641797
251181
467718
984472
603228
688612
495044
966037
417553
364489
130081
466420
200261
856072
735562
953444
544063
805783
645285
655696
249245
103751
39123
780928
470182
758893
637717
705999
806330
582311
597578
809093
6442
693325
181846
255889
61348
412918
907935
413924
76487
163940
330737
515628
333077
701517
359682
399531
273030
813255
827727
676020
298809
949711
46756
710274
528646
418741
866299
247029
630511
705320
419644
593002
5556
683098
672035
807797
107333
233231
326208
307262
982482
820615
484887
991989
980927
644614
686055
521843
325107
744253
853192
116206
739920
206934
753517
415193
894397
46753
802826
185174
965726
274070
147983
201241
273253
439174
136978
843354
62018
808867
866826
678774
693750
379688
759351
682403
999301
50534
927200
64334
545866
795181
310516
584403
706340
497491
933074
137624
666254
789348
356836
683399
840269
760998
960166
420390
296194
885191
760581
141652
466463
162789
597538
346018
331958
680890
96117
288011
176941
125475
400206
426258
955150
897163
540919
295991
36411
566648
347382
608661
584255
733746
945199
542043
757375
630667
47141
803300
574479
604240
424353
823478
557985
189706
375339
905492
975064
637617
576309
503488
419066
524974
636632
951953
95172
578379
633334
719852
563224
534010
202430
982114
278354
990783
131277
730918
812216
292666
783602
666857
625103
8341
388426
22676
777226
147654
2122
109985
557086
137217
704603
244631
815345
894078
663264
264800
804656
330530
259283
99272
659584
351885
308429
381972
156620
589951
571812
424253
728061
667943
521902
972104
315080
857162
264804
401155
466336
423948
243106
436381
271373
336991
519435
249699
948885
571717
97482
387155
382870
162755
252659
523871
8501
957988
588167
569727
438897
255526
464279
960179
710033
495942
104191
861268
135228
893603
541012
85846
885607
219217
744216
324125
29864
901501
878378
927160
410090
775992
60667
937150
408633
855906
447290
6979
464957
733492
126290
996663
313604
413161
432777
172252
701688
706122
932681
593507
58352
828629
330556
834850
2977
956745
714128
120499
491253
635601
765530
93547
551540
757450
389846
464309
818399
175347
775757
950539
110492
73648
115791
303056
403530
561211
463456
227277
40950
562984
823535
137543
632423
122834
124737
756345
281876
158951
570669
278324
530678
673230
839488
408655
94904
178544
85632
443788
573898
333162
207758
164488
111636
780109
992613
6110
27720
970640
565887
416922
937104
875475
662
613973
527335
855632
353031
740338
463939
663648
868243
744115
761968
480168
225344
668153
364408
297566
189213
958486
817790
637819
753506
502608
574955
147583
238517
569397
132095
200604
196553
161302
347145
914496
742305
8929
669490
554690
