707259
902214
745374
378524
433644
947958
724848
891838
587276
429700
133931
809399
540989
361332
977683
65898
326291
361530
647950
941267
57851
691125
807575
241236
427767
607564
225930
236574
699399
320164
633247
105016
714596
943419
441716
15919
404773
294244
781570
644635
488709
846303
102706
6473
921788
705108
10696
414794
441225
368812
851837
457879
904785
943628
197611
889823
885729
507631
19490
29295
517904
414367
189656
970237
914304
924752
950844
51986
694019
570201
460075
859665
628313
648272
330684
463975
318552
698240
920886
145681
334693
156554
322849
75333
143134
244437
875642
830270
783386
780595
790336
436391
698120
870738
770923
895971
219892
591451
989436
329719
451944
360170
997679
154645
654959
192619
667022
991110
215924
438221
298847
338738
58506
870502
64126
292879
855557
236195
156613
974948
419653
937386
173607
233913
210322
444366
343132
590877
676195
85486
332982
908563
891321
151851
238739
790619
757736
204099
648683
649880
99510
133711
7689
903395
320924
897237
437399
988203
497706
507467
672658
306950
726726
661225
928220
361497
537108
671145
905264
395232
797170
163294
598448
93595
750682
514862
486106
904278
348331
749038
406169
955283
42177
565208
891000
139349
457216
458539
431473
73035
136112
981408
690148
345112
708290
214020
127907
514043
542641
339767
462250
454176
833604
507583
401324
214978
389168
974921
686536
546491
330778
931454
575322
355881
906169
327422
184814
666623
397274
170748
306832
704549
737341
550838
311487
384269
172509
501391
712895
884692
344973
969162
671054
327120
581758
744229
472302
964924
640029
456272
535265
687101
191001
373448
407987
932816
288386
620949
349617
277139
299789
761884
456311
696237
635764
87074
688999
539994
319226
792862
144054
833622
737036
706168
999712
29861
89219
324324
115644
739645
295430
132310
914538
124049
608333
934241
339688
411900
434304
629424
737156
573574
699838
877663
60140
131733
438137
695159
836129
52210
138302
518916
770506
518839
610706
810389
853733
578259
901688
791184
110808
55162
415312
713647
251302
326059
305049
729819
337917
361439
993175
544099
382955
464331
937488
757849
538801
243538
590448
244745
803568
458699
433228
788631
528640
289258
413187
10228
150048
30029
272385
265341
21191
98917
169437
562608
725209
48831
130466
940299
609333
670446
676459
690243
313515
27543
903592
517853
251211
363865
28733
343597
419992
413015
917513
82281
256476
556131
541059
995177
243861
995400
396033
830846
364365
289844
19859
925036
781319
113728
670476
819781
87573
343390
306592
850019
77319
649438
328233
169857
990718
173085
361348
906871
561246
470410
805528
919248
208610
524886
832055
746569
368457
64120
540060
368489
254830
941530
51028
857719
172981
861859
640698
42973
410785
928161
801691
523671
627011
211603
641080
379992
791821
53009
618857
201721
336965
969113
57886
897118
931797
209079
576257
971880
944255
766736
265783
446928
391917
417483
476806
822182
727654
156187
903184
868775
65309
809645
387070
518004
359972
356395
988856
383285
469310
188715
182544
651209
871057
363256
408702
222440
628538
984635
461510
991960
433531
33989
514102
340616
971151
3963
393227
6797
577502
255262
168628
895350
568140
234613
971630
924110
222636
317594
341070
151021
435411
422367
600669
335547
966919
200219
825373
932803
495765
942548
70954
84655
998977
477898
264828
654694
38872
144094
773577
700799
178338
71453
354823
795680
717428
555054
587535
487799
424161
960019
654749
199508
831121
626655
746868
514274
399209
33269
135774
806785
518826
585656
445585
895809
191574
948948
158638
494908
639500
4008
480291
43792
793333
398927
630639
160951
979863
719178
27461
238469
533959
835339
323658
749374
935547
928352
735481
649554
57661
11323
473510
285367
273276
421978
551776
208544
475005
202391
45487
211807
536879
302158
715388
696340
830491
526118
599888
775377
44218
111678
610549
157836
868448
832374
941241
911807
274967
614999
728080
64864
266503
273184
86809
277432
116560
98350
911929
427107
877498
291591
142820
304419
146500
987011
487738
984160
481369
236183
752461
933440
733792
576255
47809
8991
778034
974407
962509
741675
689767
81015
562334
653855
406857
666073
351002
362266
387498
619944
74689
739099
833042
364823
989424
283740
74512
792379
937088
447048
762609
741013
891851
835737
281231
140224
17998
238034
27073
810995
777770
866646
421232
202228
108549
512036
198409
719578
661005
810736
126478
691837
764637
123102
117319
927484
558136
728413
867607
961258
158577
730590
87657
552277
444397
445488
60361
633973
777537
36026
819343
793262
489077
950484
254326
200770
644778
298498
898506
460246
11031
585229
672640
859039
871535
485632
718304
56809
778655
914684
787933
494468
982131
627897
365189
253323
293976
358233
353363
463442
62652
440810
236642
538027
778386
732345
713020
807573
861489
487757
513361
867138
3356
772743
265411
56004
668125
610772
23582
180115
473930
409612
511461
986045
186921
267882
405703
109995
883952
779368
836593
146635
411109
246327
355581
264735
347620
482008
180808
595106
303039
867994
959392
331538
544319
284144
104796
889183
802057
369966
622215
191086
968284
467488
589748
499786
154359
453575
789429
713128
393623
867697
101734
683029
423326
141108
424676
284734
999503
351239
237276
542299
602230
380348
916542
241274
871269
535646
932367
590692
65432
580963
874270
162285
912890
258702
482318
581597
570625
794148
395218
910902
665588
317640
248440
39842
795917
14005
974364
696059
355705
271896
305405
122550
86267
139208
853740
889325
397553
559971
456544
25159
356719
159622
964071
977478
881096
901800
868791
214892
822443
372499
652387
321931
756649
725697
610409
569320
843668
260175
667175
516107
52227
782880
482222
401894
77683
473425
360815
703263
823048
903508
913042
400380
2033
51691
15462
462058
148393
909763
949875
526250
769433
206571
290026
40089
690586
162863
487550
510170
441113
803349
564492
601570
768340
789363
327349
464031
730176
50411
299724
217222
513677
51269
920555
514808
817857
842983
912800
400592
274945
374067
93509
336011
980783
311613
260205
436437
318124
694824
658746
354604
158206
667420
35340
424499
52877
316261
253140
878229
977672
955755
33286
397396
309989
605130
955245
192493
336901
116814
282072
215978
905461
595660
920818
40900
348497
490783
289456
767346
993219
879166
220835
979410
44521
198903
179885
799155
147605
226698
323664
43133
436525
986532
120418
128317
892147
506231
636829
451089
487967
104306
726802
437613
142697
871970
286270
759815
812131
726693
571445
781605
643970
890246
273595
897345
91197
387770
378610
268757
509837
869302
720685
442633
649877
285675
958050
183479
704796
527007
666174
13911
340853
983849
675027
184012
465344
828937
148589
844362
812937
883042
989826
101026
921485
588372
996359
985131
694237
806458
741727
57487
750364
141437
618478
39279
23523
320851
569420
258612
954691
258328
509078
333043
723498
22471
931998
728764
572382
941781
852226
750656
506663
941802
613082
181788
