961443
538530
542403
614290
839241
961752
329772
396704
120101
824921
650549
31511
585127
544398
824654
36263
976078
299620
681390
799483
67115
716391
128364
886820
917310
110330
707374
602340
243452
708656
95160
961498
174770
741131
967398
602245
882819
862415
249653
727350
639309
530753
561851
881175
114922
325633
987831
624017
432275
936705
948931
741599
806686
636001
780710
375341
556264
12393
950022
487148
363405
505314
978298
811189
197332
794833
361982
627991
252072
794065
446271
967679
708737
536652
972823
464579
669218
778262
338323
438539
1403
558438
691375
765020
524206
638449
94179
714754
426094
815332
71958
515930
91716
819134
910769
179641
971244
915337
614223
187836
9756
823411
331216
766637
770020
445837
646733
305999
23664
814431
546405
178375
118187
641125
508406
965159
864382
949675
651496
925527
78774
867200
315747
263586
110916
720410
692704
41755
786269
141766
472349
564650
834306
211657
328938
161718
560602
406809
999521
929968
594427
116721
678131
567994
290247
690069
591516
79347
751539
751778
903096
950561
17251
94929
184240
538617
147825
643528
22029
666189
678157
301660
607021
536595
204542
632168
304402
64077
642567
696963
186392
937434
82340
887712
251647
533273
417076
433607
300070
701942
312944
139628
379225
805458
718937
127657
454913
25043
864944
62237
487546
351877
620063
95008
718402
988459
464373
755874
576844
800295
741775
177375
799476
841665
563346
308096
282382
996439
191252
843602
685783
338338
553050
832475
875405
754464
562428
5534
479962
391459
970917
678957
585324
40438
85367
163046
495264
585639
705547
266379
745116
1654
312086
334786
885692
78680
119847
503653
607971
293928
774668
626055
936372
588779
651285
800645
385817
475902
595504
117700
742912
994591
324595
542924
820326
36884
272761
276096
815115
514235
785123
726457
680901
804783
426240
809215
928497
744724
787527
573603
783812
50176
73345
538172
604095
556614
10755
483708
526401
671520
239065
45870
348150
278904
290879
133326
249582
475411
833545
22532
632840
316507
808162
841535
719053
530631
826417
894315
215257
671785
239319
840398
160243
190676
385365
371780
237118
673767
832395
956437
124105
763451
897755
767920
701569
672613
24748
403975
208710
860776
842954
67718
659418
47162
875947
189040
146614
191153
301453
457945
299319
1226
235770
513722
628469
58134
516589
566964
991988
561346
505423
137188
263156
584129
957466
250719
91427
630680
556127
243914
832819
34629
142882
979481
827270
753933
5091
762978
339908
343521
870904
966301
716879
258988
132693
59578
515406
504380
851246
975711
387302
242058
555955
74877
660999
539367
558714
402958
460322
854086
319291
514029
375224
53920
895924
590865
349454
729927
475693
951655
585853
451915
164950
993676
184102
896195
933196
532644
81858
634425
406650
935642
169303
126132
411932
696628
854086
313442
436767
835473
208193
361762
868645
885122
287835
526956
190692
445763
827128
541214
932142
396053
263907
949667
29387
57785
343358
749570
168066
195466
816788
9921
195639
330232
900427
708787
79022
568605
196981
14629
988590
46973
473861
33121
202560
801055
583006
861533
662231
683714
721927
891587
298505
764990
581435
358046
71739
202361
309854
98078
967708
970114
171401
119240
834760
24525
496262
394045
345420
731979
834839
928164
857481
999014
127473
839735
724529
210646
538822
552487
261807
203811
392960
164461
381155
959991
87945
621742
236235
807199
152903
541258
413373
693022
638373
627074
198544
352750
583565
350211
799515
552084
809330
676947
358997
436510
659721
96663
132507
973692
5975
799550
107217
104249
211301
383694
482208
73428
488017
533705
319901
629119
988287
506491
981833
751347
401708
537827
450357
301550
773987
335100
278334
995530
268744
440615
195638
244667
265617
886582
239907
519397
286997
131927
802593
884632
461116
367899
20322
972585
520535
245858
197398
135790
743625
577957
498278
555221
651874
589472
184729
359585
275212
807642
292378
600387
229790
713170
241745
518737
890446
987208
44909
629861
937219
428581
485891
152853
547209
721927
776784
22538
652958
483629
241690
455999
632937
454524
470069
809752
504266
979436
684642
677212
417804
9234
848530
776209
410871
955466
100808
88435
921219
553280
182364
574096
138087
977947
796827
767683
374734
54536
567180
434955
5419
911774
649678
753607
271523
245683
994141
590224
713769
935419
133683
663603
486760
44055
151243
797129
813273
851650
569472
336949
389364
687379
369300
268986
737475
384303
605197
231223
453585
98639
603770
853823
893634
491434
414612
636185
49084
847359
45247
413265
345475
134593
230576
992057
17827
183838
767208
673855
661254
74926
521118
990956
171749
347061
905978
823479
535323
415445
77886
484356
436565
959635
283455
919932
216102
635651
72657
20041
143159
655763
886914
882286
339612
353266
242236
140866
398529
753371
250062
653319
606403
461058
565316
172523
448219
591769
915826
658778
883445
860543
604368
272190
571551
848070
568319
719444
943773
839775
292458
513580
209049
524644
379592
943357
450871
997634
590013
662498
352199
854913
516000
211701
970772
822002
323096
356615
477593
231476
608223
430009
145107
362018
479144
141434
300018
358621
955293
80413
904937
143025
624385
740693
775460
798950
247989
198993
81945
930406
743638
668206
824824
477126
392003
478877
90748
134578
347260
721299
630179
749690
600294
556582
239866
995955
24427
909643
802258
749771
325822
851497
737999
966829
609148
731545
800286
239053
343726
897789
654982
662160
295531
361082
689496
606427
333210
385171
150657
336567
109462
272739
836862
628190
523178
652151
178990
506405
404347
217350
361923
900613
613573
479565
623122
817031
78781
220683
997515
54092
997974
302102
164674
773174
695648
915353
402731
690167
763850
76011
378725
563252
730440
493708
196589
495189
7440
367038
718835
935404
330366
166526
102409
621183
704983
569501
599992
944627
235242
45248
709805
760471
173202
411440
367377
216331
199385
404127
478390
455052
685431
48888
438445
442333
711608
668769
98548
158866
985659
261072
390348
612540
170774
943815
797289
123564
190551
324653
311619
288614
84902
836043
101258
633124
770310
31200
151862
464963
90490
7969
299004
789966
843076
238096
345820
861990
540616
216631
986391
947979
923216
88897
326399
605641
206121
13750
568934
460993
381674
773265
752504
410067
938068
488576
895845
14629
767573
582648
29750
861907
469863
239218
424577
885939
126421
109189
549304
699203
618398
829985
957275
905137
333554
599333
687246
759943
903193
460254
726597
578674
596467
588125
861083
610221
362522
345204
17794
798863
998627
905420
840277
977005
901124
94310
657034
891437
143119
282988
19267
668392
609245
8051
748227
385275
705286
230864
661821
485803
851276
701908
427272
299890
841943
110437
763696
752362
849243
510074
97766
59925
213205
186802
542039
35015
589365
91026
20378
439280
412438
234714
565570
130314
759528
396610
975571
892315
713775
772118
936338
102183
618852
453611
90485
472886
601657
450557
346490
587837
154170
685862
44500
84524
907727
465277
186367
901012
933022
750089
594613
558066
313229
359137
968441
275996
443237
520737
696272
451846
942674
532939
673295
92209
952455
545655
923280
20338
666878
276600
831678
302235
548381
848973
416848
418824
791476
711809
43091
234311
125283
576160
781727
553317
619289
790742
664491
565265
257911
4901
255037
91184
726418
415042
186746
300028
765143
538253
944411
149593
556874
196268
845248
663798
195239
610051
828575
802396
506281
550801
424277
520023
95912
286954
360029
305853
690973
73549
435358
958559
896450
375073
518750
855436
149844
42321
349973
105148
852666
95360
987932
14560
335552
924651
939972
810244
337852
863898
800707
247453
210705
911619
45898
916277
986257
737979
3250
376368
515838
840665
298644
207098
438505
60777
331255
643535
521596
659914
862948
956326
177235
670309
656918
956603
180740
914442
511758
121463
391487
124713
352322
390719
221521
999657
218293
848278
513731
931880
71650
658032
111199
154192
434194
263380
581266
495506
290061
802284
684525
707394
284909
464684
715462
81551
420110
262493
251707
223069
883873
828741
970198
216129
882272
990581
454284
583512
992796
97903
902176
370564
351537
351665
455589
756741
665500
37474
224416
220848
972323
671192
669067
193422
246834
340036
841206
269395
978822
468667
440137
71160
555586
611745
80036
966712
625823
278644
633767
634405
620801
476594
570893
877476
648548
390824
716723
336139
689013
757273
347319
350613
221117
401671
667260
646400
108920
337377
854345
426500
358532
698888
739473
507119
749493
964736
213773
972833
755077
358448
205381
281698
99817
477461
971311
279003
780286
254857
8366
447032
629666
289004
502011
326103
462752
727020
480545
899309
281603
595639
44450
374774
885195
64570
79479
83158
123262
99604
965045
236177
381333
7644
951051
153380
868439
772299
247720
654142
808260
748232
509113
733086
507815
963599
918544
96778
731535
908669
157408
966889
795351
953914
318629
865086
624608
33091
877281
513537
165600
520018
805632
966747
455956
76397
404189
934527
202769
328072
914845
345184
898104
586072
528313
387858
966984
10486
258842
657473
562062
764011
686557
240648
861047
725342
462390
508911
968134
956887
341040
82628
469216
714159
87826
129684
638596
223831
420062
925190
179993
597249
424883
503957
739232
560430
450258
981672
429385
333717
48317
429264
39905
805101
814523
325277
868456
834007
866553
698205
1601
439723
202698
969778
459074
485854
857103
706639
580267
701645
545266
267215
376116
294888
784076
562610
658175
349246
625511
912692
995885
346464
174237
578636
465101
458933
467871
578430
989742
991258
501650
124509
569621
27251
105235
651041
612106
920659
504347
348128
108365
122948
58942
137773
228966
184179
477006
527370
291354
134971
722268
322122
290105
474892
545502
49480
461461
882232
816172
939070
384589
300442
776613
802627
253895
571235
869934
890659
197628
441282
483098
511516
990060
663791
845798
677235
455475
546837
22171
360369
435188
153306
926742
568190
79665
877004
982692
147864
698685
890537
874183
361072
716040
704843
644950
209889
818010
48878
999936
456590
829339
596063
513521
571734
434126
733571
359117
818359
232350
563842
286233
700796
4689
633358
87225
615204
227097
412628
106004
806929
223817
30845
777491
502697
947813
27553
660617
929997
246098
506761
547437
458484
668844
289631
400450
32099
654774
725300
899223
431563
947372
413742
945898
412479
522229
733324
805288
144912
65077
991896
388048
920903
725630
121384
146421
152126
517734
821840
117858
896091
117171
845415
700823
762538
957107
942836
174642
609750
370153
38518
694505
240708
197729
797645
675764
314189
943717
736776
921608
33877
454152
11340
15229
326540
539167
33053
992593
843457
531024
297100
951429
105694
704130
990141
768165
675972
99316
898644
462565
323076
166633
345596
36263
734838
809921
214484
516505
605562
367780
375286
916220
840585
944663
684836
619647
820982
517808
552465
877257
627015
74982
55306
877398
451242
859394
189887
298873
675670
626738
339058
179391
617279
346812
32571
830580
686901
688464
597557
67135
312218
566006
248137
768808
403838
973990
978517
368635
474201
161846
192312
481476
611876
37166
288572
974201
636948
10743
186017
183479
857396
810098
62466
385125
491934
225062
883366
236725
733845
588049
152294
595977
688130
912543
597302
668018
450890
618936
538641
55635
265288
581876
828613
9828
277164
848746
630616
53330
531375
140006
189014
891588
978226
437368
543096
594745
19506
841385
585715
624461
112746
361673
267866
720987
924614
749220
499632
697147
153343
645075
92622
450604
693207
235054
768941
489613
261235
476639
76881
274054
737168
773842
626963
138884
637795
373896
498057
538913
513041
57419
218835
748705
327496
968700
401093
943384
496440
51912
414316
950634
790898
816889
326655
168107
162331
143337
484004
354532
697612
144593
722075
260343
982026
859263
87499
175962
667229
868710
736487
91263
470351
685199
791741
144980
135043
507950
132315
652518
716463
950671
245662
528801
846519
152047
883672
213170
244327
73895
450077
923853
381645
884803
148139
814666
857649
331121
227763
637034
624178
414229
967240
999096
265471
30778
181539
258571
364078
657890
226256
180264
312892
681918
728441
447044
758498
501881
739789
757414
362000
946798
7629
780523
65673
400251
982451
715748
347226
531629
779711
814234
462840
613786
437727
395121
34869
241678
56954
761770
504223
847517
250393
97730
509429
427096
295858
37752
973127
330714
184723
913068
767721
721218
494312
463011
486803
77691
720937
596839
504664
158326
523426
171659
728321
439033
982240
14476
892678
814481
365365
768339
258472
645027
878185
692312
866414
452577
786429
103136
817785
632088
213404
220902
943814
279973
263329
474328
104960
958536
106943
809848
314816
711248
839441
219619
638562
429750
901439
225519
307973
357190
157897
490797
800734
713656
37235
719758
206585
168733
633486
822433
125582
331253
521566
299578
813884
21533
943469
768303
606245
344037
905835
115260
829349
17600
810816
14150
76143
996117
800368
347644
229318
864562
945322
958426
963926
403552
905837
205767
367277
555665
409944
599327
484185
824566
428876
529035
859742
901293
780735
938571
920340
743896
686304
30869
130779
92105
838818
212951
820476
81625
224936
70297
502174
379032
620939
210814
649506
172446
205387
202473
939099
442688
855695
310909
79597
685022
406042
542460
598337
16794
58125
917521
264866
73635
899283
751593
153911
656623
292012
658491
467869
281287
256922
453353
935457
713660
685346
872254
232983
897079
824831
914583
380121
736238
678505
627679
451551
824819
915004
170547
931576
871142
47945
927012
89315
679051
578038
695386
688268
544502
668946
550229
944806
967651
456505
283407
242721
397154
70880
397886
674505
46127
708286
362166
116539
854368
484696
440746
778436
856759
500263
161618
307095
114967
205799
808233
915115
93076
335871
973070
885103
731491
376008
980490
676395
453872
632507
109553
50740
262671
915132
537185
461899
940106
689149
929448
535188
789529
385232
138050
302766
945391
225997
1215
333683
286705
897116
734147
820557
103361
435936
680487
232819
120569
18881
837438
897087
902964
574611
667762
331758
356806
286952
83660
971379
643851
940207
450258
897144
214429
698887
307914
606322
922399
168100
278621
142239
776694
652764
784727
625631
552280
158671
951051
782253
698620
596593
424531
132920
986673
646006
886645
935842
812491
894232
841890
627988
527736
984712
597720
175868
863344
945263
357031
58532
760907
866463
381776
299504
724204
120731
355720
303476
996699
790399
928733
709551
283505
470797
832624
760616
806892
239894
863584
416100
140194
293250
782664
352897
43219
839804
425054
881843
342039
869500
621180
630872
863094
864882
641019
820153
523798
95948
913851
189855
551119
844132
985088
579856
93915
655881
290167
869029
337769
580073
905878
117513
64784
14360
448161
392208
487264
8319
661576
779057
213141
207780
226862
949922
288485
694865
252164
346126
330041
631716
585556
608566
106936
934259
340378
144801
105854
786201
553484
66625
908331
999841
58619
460516
519064
738318
676049
465299
660965
380933
610746
424459
157294
66264
125536
134677
632028
398000
713806
391620
786007
261974
288374
654603
735065
465182
412366
30136
552030
51312
340564
591313
493240
532276
632179
455498
477310
388954
926462
811040
935268
404931
385177
377236
729894
8143
747959
290759
6367
524932
527613
238959
37558
272471
885189
746099
464695
744923
118272
316905
305984
677507
837619
948073
658514
397077
732770
575566
331015
211054
378826
390025
210915
483436
678279
551201
259010
786811
863830
534155
59441
672895
961909
965537
167641
697243
44647
203202
729046
657948
322643
267463
860071
475462
700108
332573
831742
831481
890732
696708
6518
346366
860505
148195
769124
870196
454633
269701
404293
238097
643298
508340
194391
950807
463770
474480
785541
265878
189821
308300
219962
697559
369197
912358
704535
901484
224644
549889
612799
883154
593781
396225
239311
845760
832720
436482
81899
696719
529828
979989
791668
302277
760254
332823
726677
630079
683472
336240
585213
76091
989549
327781
893159
943039
144113
560027
816788
119466
302782
686505
507163
30805
401633
449368
622935
728550
306386
910074
414974
978609
297946
637412
727249
237834
377359
757641
759855
559467
245563
503092
91269
733438
585179
400673
898656
527177
223299
389369
2723
707252
290975
891881
150676
152311
547348
69790
200080
379876
266180
551006
488479
336014
86896
847174
699618
63125
591097
651164
96681
249295
550527
416336
275937
281749
261866
35988
596458
983143
132871
30549
929991
298301
15242
298836
22319
484075
570994
929958
860992
126063
606282
817540
930259
529755
824907
512400
797802
26265
693151
693861
287110
981344
675904
920985
494486
469874
887999
895186
46473
565391
144545
359489
464261
286010
724707
635264
550320
797093
923679
859972
898539
533563
959879
335103
139742
456842
851213
435989
401262
302924
473573
921720
195275
261072
602338
89506
644455
907274
282813
765102
165441
64371
184245
600724
115679
561438
761616
876543
320730
178713
185663
260941
174355
983996
589407
164962
107972
732753
423452
683497
949105
951264
340272
861161
670652
459029
924617
951167
323224
588624
966601
168830
710934
497161
275623
258400
951835
862750
951283
171047
64883
416635
124022
425684
572478
841957
817719
163523
99144
282147
500058
677793
785079
284105
996644
258891
934429
860002
207769
450565
45869
660089
159238
814228
932363
193796
129499
871993
39164
59950
519216
355402
749309
54016
11560
894126
64047
546091
192947
468404
804655
196212
23149
374865
212612
210812
321060
207028
357490
156075
24375
442568
977707
685433
677657
131333
761637
504793
137397
469363
350855
469570
466540
579325
124413
46810
687161
683310
575851
743873
488630
526090
744189
369528
705336
655051
625629
480045
902612
830455
19006
674468
669637
883738
374293
88387
343270
549286
441896
773562
772633
975331
170494
849933
119754
167380
728438
575871
328334
682920
306420
218845
855781
148249
786486
952612
251614
409893
169541
761424
360474
631079
722054
820354
394152
60178
921648
160268
928592
607433
728600
348252
101163
252189
445864
779204
622447
8547
735726
461282
128713
860017
9488
123185
679395
822198
368094
231146
921669
778995
288704
726168
90583
67290
659022
770807
928900
528193
169470
694792
842747
544323
692216
472948
896207
128435
318342
615898
503231
731774
38247
764151
105999
629276
274050
257457
848533
402866
315448
157376
756176
115208
575122
999353
959473
437474
664858
998201
495230
509629
126213
639082
774412
786280
864333
701941
346282
59452
955293
554756
316445
860281
975206
408882
265797
516094
91919
270162
436510
58916
364937
857241
12706
67128
987264
78441
941772
129556
54701
397563
558008
130841
332680
953639
106342
44683
181595
677011
138078
710985
427250
617910
777325
849959
812271
574664
379533
50602
454586
904456
23587
633055
253589
338729
265633
324504
49997
25306
123084
462020
82060
406897
678232
18218
450316
521203
320047
214722
658598
427778
590608
272688
182408
806819
518996
459358
966981
623787
314508
889140
917447
99270
815303
289207
122208
594212
264688
128123
228413
255361
162899
989062
948667
600655
559744
770051
40596
166465
975816
366496
342258
35062
673636
629061
918756
189505
729462
69168
918382
668369
749095
199345
513466
268418
370607
57535
874669
453055
941171
442614
929941
551121
122888
848174
853118
825225
97301
301305
760996
691974
9943
21240
158658
268260
822655
260442
955401
17729
639350
947763
830124
804717
472768
723637
666904
819629
321854
568205
882369
828204
721869
148444
680344
205567
304269
153616
336473
323923
716860
482975
752064
221110
829312
134368
845147
716542
285315
66822
165051
492058
628024
270009
341444
986099
816573
171730
5540
302526
442969
846515
710240
229409
310756
191169
699082
324543
934214
432320
470415
854946
266263
268809
506476
844676
821286
749162
323969
795962
839254
339930
340286
975102
343970
212951
784186
432343
275968
807902
107554
960039
389347
715015
508046
637713
7323
619066
491951
775300
312280
458513
793317
315177
583692
116620
798381
189029
242734
873643
775608
217675
950170
174508
637334
238177
443541
772065
273361
325005
591151
752813
761367
359709
236865
642523
652175
97520
394582
545306
614156
392195
805862
745241
285087
422364
165566
766139
709190
804173
328123
158903
22851
397477
105076
576912
904584
770617
213176
105323
870926
457610
888940
545490
29317
297619
627223
945412
470950
284402
949241
63926
967012
148656
920149
500011
959105
870447
577616
860523
197308
375279
972978
571683
679975
842812
585801
529240
88599
638840
489836
695945
172150
171457
184029
517985
824306
429374
326856
788630
56920
725067
766824
57633
846843
266174
20873
139226
976590
379734
736488
538863
731602
303232
54646
999232
612648
964741
548475
70939
172040
408083
268696
493903
350730
828261
203429
299375
970146
108306
875833
957221
907945
542128
529095
541168
462102
642402
360485
717691
992523
514565
777896
257883
468812
657651
779372
430181
581194
736562
830704
81194
509214
934013
805278
294353
208273
470252
341351
34319
94999
499778
519501
107461
40797
203859
70074
183925
849848
863440
560910
47714
409532
232305
82742
650052
494702
433533
313847
453221
292689
555385
260939
947995
177180
478635
823074
258338
617101
533449
453641
607061
975831
837315
360936
239433
417207
994986
831525
597063
449765
437115
497831
151523
928741
101708
758965
996413
674556
696722
730492
750036
152768
688717
630127
388930
953417
597969
117513
88664
32836
781105
946158
671190
944870
954825
247087
2055
842428
877992
269869
767159
822817
995992
190612
919634
975882
932492
673801
833947
502011
98406
917087
134981
811804
989410
67458
838514
629158
190498
363510
700869
851256
323030
55546
881062
550854
91463
941126
415762
758000
591809
250676
90843
609201
597467
381179
135235
875310
590628
582037
243057
40878
147628
734723
941838
508905
842796
209191
274687
883897
62675
417486
392767
416685
724270
391248
994391
249597
776370
414032
845885
925271
690089
878239
170439
820248
52087
380157
639114
611862
479560
935487
73364
865306
918233
140108
891905
144875
153247
320641
742654
691781
73431
626741
214744
227497
912235
349782
398528
61902
116862
487794
360989
3125
202389
181906
792334
114906
94241
503873
893307
78982
952429
370218
529494
707393
579232
556191
538100
702053
242800
949622
317890
674703
213988
698702
322277
891246
911555
175791
900338
129981
133790
114191
890951
532813
365751
982769
19204
344763
646477
164136
234345
947394
357509
195130
629774
5033
777846
207136
961465
942173
272849
278313
701087
954585
364780
159293
856250
309633
606313
829951
129091
626767
16711
456140
253645
398756
397445
937249
497662
567296
115502
679705
943466
314381
302086
689107
992205
608150
878671
701618
625445
738517
898040
39294
801322
632233
405923
789415
962091
547686
199186
118122
235655
276295
360813
186381
465028
81982
919858
277380
494223
327660
657913
256886
71824
581165
392931
883161
42409
450570
506463
547769
31628
915026
155800
802968
402102
954690
553854
199600
434828
449121
214320
110996
466320
128873
905411
941556
950528
356831
263026
244351
950475
925060
215970
593699
17265
823460
417232
183856
967094
478411
10457
79962
500546
236055
6309
672541
397400
403497
116913
317371
117425
903221
778872
759585
705909
463673
737854
673512
39829
943819
131897
800503
430087
464010
621212
685893
856095
390134
32833
350908
769351
347868
715954
506553
204891
125098
591763
284976
77859
856993
346288
529133
277870
472360
833823
833909
993607
397052
966290
25163
781207
991301
504059
903758
568663
792068
951772
289215
106287
929641
611498
348769
422320
961281
581085
696505
876843
279437
211479
990581
888876
640814
738606
832873
321302
540220
721560
639284
171612
618293
825138
152641
686425
546002
859501
642282
317325
385973
957525
132598
984053
160895
362559
781315
510214
387071
673551
374399
767813
530117
852771
632912
402374
717844
532000
30932
964543
853365
604631
441346
826632
961896
347539
572015
664369
335990
869761
964269
205503
509794
287997
624078
189957
620990
642293
389830
811100
421721
954428
87022
282303
368918
182957
376485
145989
184600
555706
966289
745659
648921
843024
152323
880541
525530
954152
452281
950641
509813
157485
588093
593665
288782
657285
889386
802867
608296
641791
748558
105414
666451
496407
258219
864171
498627
384552
69400
162302
521533
273135
798917
963231
626538
718967
340507
572018
10062
445415
383874
676847
786194
613476
736508
650918
186045
458916
917742
572627
36993
711505
154367
860825
729586
976405
204633
7967
886801
66056
268237
490884
502599
694836
842003
499712
473773
473089
468271
505560
219720
688130
207918
17597
461778
849562
436752
486082
813171
735948
909504
287865
232271
96991
452350
469865
361849
118954
984989
104429
261061
983233
765160
831340
54970
99388
470944
74480
301158
884320
904225
575141
882444
25645
673827
428144
378489
627204
644699
69034
627317
150066
665601
738744
277204
664157
833517
69576
364524
315849
112155
829290
369504
319624
711885
63752
65435
911612
977743
315588
81625
63050
131222
53357
950495
284253
804802
877981
781643
487316
934915
560241
994950
691465
407767
525926
594645
715583
888561
462989
267023
843751
647798
431658
2793
842959
860320
48239
267757
3176
112645
842960
32329
206258
375666
6147
737604
281158
993585
338582
72267
192320
531115
757612
109354
67591
960678
562581
48086
279994
633710
237065
424487
610872
127122
82049
264994
457292
334662
830963
593076
215923
473062
72168
828
213068
818202
258555
699903
248796
257044
169008
901119
114682
418870
206254
856549
701853
364881
553434
15899
296576
439817
917074
786678
599727
284436
505539
155153
892658
938401
449384
954101
209491
743253
676831
760948
229580
676656
398633
373525
244370
449934
271998
804073
823224
766026
425547
953212
411202
949757
388874
311591
83143
737316
801083
54211
355329
288672
739972
430328
561525
705366
725730
655859
531641
101430
673483
829366
505063
33881
201570
537737
57501
859524
631574
662862
1453
392650
479000
549362
275432
255501
228663
946623
437506
787940
281817
185935
104034
165273
277400
263003
618185
273097
790518
723890
496540
993966
583295
708229
177423
956090
542906
51103
554032
922905
621131
478257
243533
195865
79656
619403
668996
480550
435318
190183
88101
650542
528511
613792
885125
728035
683410
598208
283042
82015
947128
179126
965614
756897
896142
615782
853690
774325
411844
331419
34304
776114
758449
811992
116877
977053
423824
301580
837385
261676
229787
504227
875940
213668
459906
357881
443871
697315
148744
403113
689972
462330
684667
491844
191076
891954
546126
675742
766939
270896
184724
155842
576641
991347
133083
279493
553311
158521
142115
58488
348588
848705
647738
808183
187700
971308
658997
881694
71908
393597
35148
132699
678452
964991
777171
786079
209201
353414
558609
627375
48358
447181
743871
875863
264486
15167
378782
776765
88633
680529
76917
236947
23713
840844
701798
135270
701895
283624
127980
331220
561927
35668
837172
957082
10645
547667
883924
772171
263562
293248
904940
347165
92111
294514
693080
214110
496869
376570
736527
888900
881678
591561
562715
481633
62811
186799
909813
4021
739027
995326
337788
997854
920381
163213
719954
303018
951499
135576
719763
44237
196259
496965
979635
54702
264266
630081
320371
312475
731567
694153
662592
803805
549074
204485
16488
580775
460559
681102
512697
795880
22923
924560
346744
714240
449210
664011
244027
673423
19082
873844
759204
876840
581679
343160
121722
813796
828428
772384
17125
329363
180795
740559
625350
87438
877625
273001
96369
551144
904561
404110
58312
331651
176867
225796
468533
408510
134641
343795
960451
232012
418054
434569
510554
582816
115683
126718
987477
70660
509767
445234
84738
484489
4987
371442
898037
447897
254263
923289
203081
769576
479860
494675
93172
421321
852943
786749
172806
75101
954071
264232
62142
182310
94323
368253
872905
370297
263667
683706
352856
134482
210353
554010
612124
940226
459107
707923
409441
230211
39041
769465
386116
827436
372429
931904
383699
612735
792388
721310
953343
34784
940959
492751
225664
911777
603654
542642
481350
81016
811218
896273
185559
178706
297469
510590
904265
712256
602473
471000
270430
30800
655689
333293
239863
882551
509680
165945
565431
397289
519156
125453
977909
513163
749567
587787
352605
930304
85106
240398
167780
591328
124597
786662
892069
119303
592287
110401
687261
482185
797567
536741
358400
42627
527109
386073
237173
217741
520080
274212
936245
196235
768277
831021
254715
475683
363240
175745
821545
24777
499371
598899
893559
610869
150288
622046
89048
79158
382476
925446
577003
341344
419546
323293
897690
389217
342888
405473
922067
943986
597090
384866
710241
222249
841754
422498
835302
362859
335249
67157
25143
306110
422885
486855
863188
431356
320598
190237
98754
631331
684214
536883
808007
952906
805677
849637
294146
869230
171750
307369
88932
230315
492890
658457
735759
154310
986679
317071
377417
16615
787628
79018
163101
988708
270356
75885
11726
883704
649276
406342
648697
275602
109907
643307
578694
710602
899117
11680
834826
42734
324275
776278
820861
227387
56683
53165
386643
204199
282656
493210
548089
539547
295406
879972
607661
382526
458604
332552
771322
500013
118710
221117
66383
112135
272725
230610
369403
283044
648974
46451
190920
277093
576900
870794
579889
615910
66314
229953
303168
898192
453321
380646
237640
894348
561546
992616
172156
715666
900705
754430
146091
916575
969719
827559
260057
683013
960370
166604
229691
56540
621059
958913
851214
199958
211595
293034
58260
234288
669867
77818
789868
930245
867047
882519
293773
370749
42678
884058
403039
816738
219432
510258
66102
161619
603060
554728
259947
141713
296605
537085
554713
127031
332225
842543
227953
497414
384126
933082
114299
363806
440705
444348
644777
83209
847276
977169
870361
727218
783779
148189
709544
398835
62068
856840
566061
438796
932577
288739
447385
492335
188362
628680
347241
157815
279035
678880
725957
668281
275280
495679
534713
674803
689665
68137
580173
705186
590286
131960
976194
330991
785416
390677
98604
785033
650873
410980
792167
958926
382769
482876
958903
705826
276974
849363
517824
73827
337191
292473
614942
221683
87029
885563
299746
150516
357983
618408
74730
450130
621504
100528
507612
456505
547223
493095
747391
333608
16683
698153
735541
267485
272601
498648
614681
938672
527803
746689
605169
981436
560951
555869
250640
150904
854369
871283
158411
835427
683726
936475
366229
795614
597622
48413
513786
33107
562181
841399
148405
690323
500862
137981
375598
973182
458188
346651
152787
530459
618343
930998
534673
114120
680351
750001
1007
432267
102089
827788
771975
561286
834499
449830
359331
21065
876196
323747
44016
518466
634309
253672
543137
191375
809575
659267
484579
619444
779967
78504
504120
587560
154021
161751
862579
134474
285845
305433
233807
865713
219103
659368
167531
301408
411761
755374
124838
512217
300223
196582
31443
770312
16332
388575
608153
289632
336408
915359
907434
407940
186982
94948
242334
574619
845993
240710
992875
560198
776138
84536
460227
842286
292185
677485
276170
247926
470477
375255
863091
715344
201145
923146
922294
592939
436174
951167
651760
484362
298951
30965
502870
614064
861877
203122
688919
746871
549351
650024
912526
768449
58869
593586
376353
67781
657257
299197
650425
419211
312267
165508
458846
777459
329416
327795
825197
216623
525182
764973
324729
725200
267623
400233
396220
723646
408543
877431
644216
622978
132499
513505
317679
385789
785544
768492
191483
17084
295621
282238
848075
441187
826591
380953
467578
705477
774559
128133
824269
935446
906257
739532
710793
32184
221036
696159
704175
876081
7769
47575
806294
429502
821410
204693
454435
674753
182712
141386
403366
24533
78561
944210
642388
407874
638140
974651
209629
47820
910898
228773
844970
227110
363579
606081
447541
361092
542666
767739
309700
995982
151894
410292
266691
520496
276934
859880
638013
305998
672121
515439
245815
72277
791471
722207
637097
883117
187799
520910
361178
323914
914549
889077
265494
482082
704943
163184
743439
782969
413237
297505
592462
780311
478284
686517
759444
703324
277813
21567
100945
545322
87102
184064
681344
698304
457316
781960
322269
563303
266979
791093
489540
943428
109853
310490
433768
796494
542178
643324
908908
490714
177122
863158
503777
275923
534636
729276
888861
539589
489570
154172
486964
891672
292412
76576
451734
504345
86773
549168
698437
48564
1877
534741
765168
226238
534236
548792
577137
825327
411336
236617
783520
472685
620804
210524
302738
312579
610413
249965
241394
748528
453569
806532
157561
777180
432998
833780
739021
430630
596885
708605
498228
78744
29473
913489
36211
526588
848872
813236
3207
117576
196500
670076
709951
46068
258062
28728
153204
206252
179969
944429
861798
356577
112902
712059
758709
423866
324593
522591
466169
663209
156407
27282
754238
786648
450491
107598
14367
974337
369652
254128
726077
642525
991483
943993
855005
188084
978166
322222
643612
572627
248285
499040
162447
14812
493030
470278
854971
958583
283921
666118
528301
530151
314130
390674
415352
23607
294230
640687
986825
738642
476659
555537
514536
281650
716081
607523
593741
47089
249839
899491
356957
607099
890164
185897
713280
611621
631827
100615
85407
684630
486266
396428
310783
324643
972119
983139
662133
382201
244006
229913
992325
490483
693020
885628
104027
929868
653865
642334
306085
833262
73774
360505
527115
827817
208379
403436
399500
536895
402755
792036
321462
29852
82783
439126
137858
51555
43835
230440
15946
356707
5281
1519
556007
805864
560480
881043
510443
562414
809944
114383
622072
954609
138085
651797
745339
899680
838118
518734
107081
208751
201897
492223
666772
651403
688565
253319
844617
970089
702451
853765
885514
455416
287225
715478
437443
349621
282484
792700
24043
74588
608498
688474
628633
885372
689610
865564
687680
855972
582952
877235
547081
800825
658937
241662
138827
347817
401519
454340
959402
707066
666865
202206
70729
228668
557795
773746
453805
967197
614925
763737
723439
923611
475690
427298
74077
443284
477328
410160
957999
400953
466294
244990
771297
133985
434023
700099
257969
996922
642946
973617
460471
35482
430763
794839
252956
634291
797778
303014
669048
7973
426270
334288
735116
994286
213301
133132
501401
119356
58794
326518
886491
191843
398020
516436
859429
383082
751143
483316
572954
752000
241506
919537
561349
903564
889108
494100
180950
736994
577403
955670
338106
654673
701595
882179
914901
463001
290439
810491
797535
496378
211407
753939
476504
521895
387398
76696
650409
431770
533742
855795
290073
492737
175362
626408
233960
965590
64288
437817
137612
326924
197330
432423
118981
902565
117880
486680
824031
336480
925971
704148
318596
621840
477744
894633
339579
695432
658607
723759
743361
976947
47918
