17190
17190
17190
17190
17190
17358
17358
17358
17358
17358
19082
19082
19082
19082
19082
55140
55140
55140
55140
55140
58616
58616
58616
58616
58616
76783
76783
76783
76783
76783
85330
85330
85330
85330
85330
105539
105539
105539
105539
105539
110708
110708
110708
110708
110708
117850
117850
117850
117850
117850
125745
125745
125745
125745
125745
132689
132689
132689
132689
132689
135848
135848
135848
135848
135848
136200
136200
136200
136200
136200
139005
139005
139005
139005
139005
142067
142067
142067
142067
142067
170717
170717
170717
170717
170717
172736
172736
172736
172736
172736
193306
193306
193306
193306
193306
212523
212523
212523
212523
212523
232387
232387
232387
232387
232387
239870
239870
239870
239870
239870
254636
254636
254636
254636
254636
258748
258748
258748
258748
258748
258835
258835
258835
258835
258835
284338
284338
284338
284338
284338
300483
300483
300483
300483
300483
323597
323597
323597
323597
323597
337546
337546
337546
337546
337546
339197
339197
339197
339197
339197
353990
353990
353990
353990
353990
356285
356285
356285
356285
356285
358654
358654
358654
358654
358654
364990
364990
364990
364990
364990
371428
371428
371428
371428
371428
405062
405062
405062
405062
405062
412724
412724
412724
412724
412724
422033
422033
422033
422033
422033
428276
428276
428276
428276
428276
434988
434988
434988
434988
434988
443056
443056
443056
443056
443056
448316
448316
448316
448316
448316
463116
463116
463116
463116
463116
464897
464897
464897
464897
464897
468484
468484
468484
468484
468484
510249
510249
510249
510249
510249
516965
516965
516965
516965
516965
517801
517801
517801
517801
517801
522480
522480
522480
522480
522480
523821
523821
523821
523821
523821
531504
531504
531504
531504
531504
532017
532017
532017
532017
532017
548805
548805
548805
548805
548805
585759
585759
585759
585759
585759
598876
598876
598876
598876
598876
602188
602188
602188
602188
602188
607503
607503
607503
607503
607503
614816
614816
614816
614816
614816
616135
616135
616135
616135
616135
616414
616414
616414
616414
616414
620015
620015
620015
620015
620015
628447
628447
628447
628447
628447
630459
630459
630459
630459
630459
631368
631368
631368
631368
631368
637911
637911
637911
637911
637911
639709
639709
639709
639709
639709
643541
643541
643541
643541
643541
646134
646134
646134
646134
646134
688184
688184
688184
688184
688184
698703
698703
698703
698703
698703
705474
705474
705474
705474
705474
721586
721586
721586
721586
721586
739486
739486
739486
739486
739486
757336
757336
757336
757336
757336
761576
761576
761576
761576
761576
769586
769586
769586
769586
769586
797744
797744
797744
797744
797744
808252
808252
808252
808252
808252
815538
815538
815538
815538
815538
834652
834652
834652
834652
834652
840321
840321
840321
840321
840321
850174
850174
850174
850174
850174
886877
886877
886877
886877
886877
899907
899907
899907
899907
899907
904800
904800
904800
904800
904800
913007
913007
913007
913007
913007
926057
926057
926057
926057
926057
936326
936326
936326
936326
936326
936754
936754
936754
936754
936754
940218
940218
940218
940218
940218
945160
945160
945160
945160
945160
950619
950619
950619
950619
950619
952566
952566
952566
952566
952566
956273
956273
956273
956273
956273
960851
960851
960851
960851
960851
970746
970746
970746
970746
970746
973359
973359
973359
973359
973359
980483
980483
980483
980483
980483
987561
987561
987561
987561
987561
988414
988414
988414
988414
988414
