17190
17358
19082
55140
58616
76783
85330
105539
110708
117850
125745
132689
135848
136200
139005
142067
170717
172736
193306
212523
232387
239870
254636
258748
258835
284338
300483
323597
337546
339197
353990
356285
358654
364990
371428
405062
412724
422033
428276
434988
443056
448316
463116
464897
468484
510249
516965
517801
522480
523821
531504
532017
548805
585759
598876
602188
607503
614816
616135
616414
620015
628447
630459
631368
637911
639709
643541
646134
688184
698703
705474
721586
739486
757336
761576
769586
797744
808252
815538
834652
840321
850174
886877
899907
904800
913007
926057
936326
936754
940218
945160
950619
952566
956273
960851
970746
973359
980483
987561
988414
