5974
5974
8575
8575
12979
12979
16161
16161
19678
19678
20093
20093
24275
24275
25537
25537
26652
26652
27054
27054
28217
28217
29177
29177
35811
35811
36663
36663
37349
37349
47792
47792
51124
51124
53676
53676
54331
54331
55147
55147
55164
55164
55615
55615
57076
57076
57364
57364
63707
63707
63764
63764
66966
66966
67016
67016
69973
69973
71059
71059
71676
71676
73642
73642
76526
76526
83296
83296
83356
83356
83393
83393
83816
83816
84305
84305
89229
89229
89957
89957
90670
90670
90918
90918
93358
93358
94156
94156
96403
96403
100262
100262
100685
100685
102956
102956
103179
103179
114571
114571
114659
114659
119440
119440
119890
119890
126325
126325
128045
128045
130783
130783
132358
132358
132679
132679
134040
134040
134263
134263
134878
134878
134931
134931
135596
135596
138287
138287
144891
144891
147840
147840
148584
148584
149429
149429
150225
150225
151467
151467
153649
153649
154824
154824
156932
156932
157491
157491
162650
162650
163473
163473
166810
166810
171278
171278
171955
171955
175640
175640
176549
176549
177273
177273
177540
177540
177912
177912
181284
181284
182113
182113
183277
183277
185473
185473
186350
186350
188001
188001
188697
188697
190076
190076
190751
190751
191724
191724
191734
191734
198120
198120
200225
200225
201291
201291
201553
201553
201717
201717
202058
202058
203933
203933
206003
206003
209692
209692
210263
210263
210349
210349
210709
210709
211295
211295
211942
211942
215017
215017
218904
218904
221516
221516
222013
222013
226252
226252
229813
229813
230033
230033
234863
234863
236132
236132
236399
236399
238660
238660
241295
241295
242811
242811
243037
243037
243669
243669
246886
246886
247670
247670
251969
251969
252890
252890
253797
253797
254742
254742
255181
255181
257463
257463
258434
258434
258858
258858
260411
260411
265235
265235
267647
267647
271375
271375
273443
273443
274929
274929
279497
279497
282280
282280
284908
284908
286938
286938
287306
287306
289270
289270
290615
290615
293944
293944
296597
296597
297345
297345
297434
297434
299097
299097
299912
299912
300917
300917
301158
301158
303421
303421
308646
308646
309336
309336
310343
310343
316761
316761
323771
323771
326758
326758
328888
328888
330868
330868
334633
334633
335669
335669
336548
336548
337082
337082
339144
339144
339618
339618
340425
340425
343751
343751
349573
349573
350008
350008
350655
350655
352472
352472
352475
352475
355706
355706
358245
358245
360890
360890
361845
361845
362087
362087
371323
371323
374927
374927
375086
375086
375188
375188
375761
375761
376260
376260
376654
376654
381936
381936
382953
382953
386745
386745
389310
389310
392035
392035
395681
395681
395821
395821
396437
396437
400334
400334
404333
404333
408238
408238
409746
409746
411301
411301
411553
411553
411701
411701
413798
413798
415719
415719
417251
417251
425526
425526
426779
426779
429564
429564
431918
431918
435564
435564
436162
436162
436206
436206
436753
436753
438696
438696
446674
446674
455327
455327
456152
456152
457687
457687
459481
459481
459657
459657
459798
459798
460105
460105
462665
462665
464217
464217
464243
464243
465535
465535
465903
465903
467462
467462
469027
469027
470011
470011
471279
471279
471905
471905
472065
472065
473468
473468
473925
473925
475350
475350
480397
480397
484370
484370
486325
486325
486427
486427
490394
490394
493969
493969
494338
494338
494739
494739
495393
495393
495662
495662
496524
496524
502225
502225
502813
502813
502895
502895
504096
504096
504706
504706
505013
505013
505586
505586
505813
505813
509119
509119
515184
515184
515430
515430
519439
519439
520744
520744
522289
522289
523996
523996
525369
525369
526275
526275
527152
527152
535329
535329
535581
535581
535926
535926
536625
536625
536992
536992
537211
537211
540343
540343
546539
546539
547534
547534
547556
547556
551717
551717
552092
552092
552894
552894
554549
554549
555803
555803
557706
557706
565625
565625
569386
569386
580097
580097
584518
584518
585880
585880
586364
586364
591365
591365
593859
593859
601156
601156
602280
602280
602680
602680
603369
603369
604101
604101
606260
606260
606833
606833
612474
612474
613243
613243
613350
613350
614838
614838
615149
615149
615422
615422
617421
617421
618484
618484
620114
620114
621632
621632
621772
621772
622305
622305
622689
622689
622946
622946
623068
623068
624823
624823
636875
636875
644582
644582
646673
646673
646739
646739
648279
648279
656030
656030
657663
657663
659012
659012
659531
659531
660144
660144
662501
662501
663444
663444
666066
666066
668085
668085
668432
668432
671219
671219
672862
672862
673609
673609
676231
676231
676594
676594
678892
678892
681064
681064
681503
681503
681720
681720
682676
682676
683219
683219
684094
684094
689383
689383
690054
690054
692786
692786
693560
693560
697585
697585
701005
701005
703526
703526
709740
709740
711796
711796
713139
713139
715070
715070
719419
719419
719529
719529
720083
720083
720764
720764
725420
725420
725607
725607
727130
727130
728951
728951
729226
729226
731390
731390
735442
735442
736578
736578
741386
741386
745960
745960
748217
748217
748960
748960
749663
749663
750609
750609
753917
753917
756801
756801
756971
756971
758446
758446
758525
758525
760169
760169
761725
761725
764264
764264
765570
765570
766553
766553
774253
774253
776666
776666
778212
778212
783944
783944
784202
784202
785126
785126
789193
789193
791050
791050
792765
792765
796708
796708
797530
797530
799239
799239
799273
799273
800742
800742
801802
801802
805686
805686
805973
805973
806383
806383
806548
806548
811486
811486
814804
814804
815399
815399
815646
815646
821352
821352
823458
823458
824729
824729
826938
826938
828172
828172
829017
829017
829170
829170
830273
830273
831111
831111
834016
834016
836894
836894
837713
837713
838476
838476
839664
839664
841516
841516
844713
844713
849073
849073
850334
850334
851443
851443
853650
853650
856563
856563
857078
857078
863282
863282
863752
863752
867754
867754
867781
867781
869503
869503
869609
869609
871501
871501
872089
872089
875862
875862
877106
877106
878933
878933
880238
880238
881380
881380
882422
882422
883834
883834
887288
887288
892373
892373
894374
894374
897950
897950
898250
898250
899434
899434
901633
901633
903983
903983
904687
904687
906840
906840
910834
910834
912274
912274
915966
915966
916747
916747
917024
917024
918696
918696
919460
919460
919998
919998
920304
920304
920523
920523
922194
922194
929721
929721
929950
929950
930183
930183
934656
934656
935077
935077
938437
938437
942069
942069
944822
944822
945948
945948
946509
946509
946574
946574
949952
949952
950810
950810
951599
951599
954710
954710
955266
955266
960180
960180
960291
960291
960444
960444
961492
961492
963248
963248
963911
963911
965236
965236
965672
965672
966613
966613
968082
968082
968301
968301
969422
969422
970428
970428
974471
974471
975987
975987
976753
976753
979379
979379
979743
979743
984752
984752
991029
991029
993998
993998
995555
995555
996347
996347
