27399
27399
27399
32226
32226
32226
103463
103463
103463
129642
129642
129642
147938
147938
147938
156169
156169
156169
179424
179424
179424
184293
184293
184293
224543
224543
224543
239494
239494
239494
261926
261926
261926
287973
287973
287973
287973
312053
312053
312053
319034
319034
319034
336956
336956
336956
339573
339573
339573
359045
359045
359045
361663
361663
361663
392422
392422
392422
392422
447822
447822
447822
474450
474450
474450
474450
476350
476350
476350
476350
499505
499505
499505
515891
515891
515891
535348
535348
535348
542669
542669
542669
542669
543139
543139
543139
552630
552630
552630
559737
559737
559737
567808
567808
567808
572920
572920
572920
585571
585571
585571
585571
604744
604744
604744
614314
614314
614314
620829
620829
620829
620829
623225
623225
623225
663538
663538
663538
664570
664570
664570
668647
668647
668647
668647
677886
677886
677886
677886
693382
693382
693382
699535
699535
699535
699698
699698
699698
704315
704315
704315
717571
717571
717571
720184
720184
720184
746617
746617
746617
754463
754463
754463
774193
774193
774193
774193
775170
775170
775170
777507
777507
777507
786091
786091
786091
797126
797126
797126
827408
827408
827408
893570
893570
893570
898350
898350
898350
904841
904841
904841
913504
913504
913504
920558
920558
920558
973377
973377
973377
