2033
3356
3963
4008
6473
6797
7689
8991
10228
10696
11031
11323
13911
14005
15462
15919
17998
19490
19859
21191
22471
23523
23582
25159
27073
27461
27543
28733
29295
29861
30029
33269
33286
33989
35340
36026
38872
39279
39842
40089
40900
42177
42973
43133
43792
44218
44521
45487
47809
48831
50411
51028
51269
51691
51986
52210
52227
52877
53009
55162
56004
56809
57487
57661
57851
57886
58506
60140
60361
62652
64120
64126
64864
65309
65432
65898
70954
71453
73035
74512
74689
75333
77319
77683
81015
82281
84655
85486
86267
86809
87074
87573
87657
89219
91197
93509
93595
98350
98917
99510
101026
101734
102706
104306
104796
105016
108549
109995
110808
111678
113728
115644
116560
116814
117319
120418
122550
123102
124049
126478
127907
128317
130466
131733
132310
133711
133931
135774
136112
138302
139208
139349
140224
141108
141437
142697
142820
143134
144054
144094
145681
146500
146635
147605
148393
148589
150048
151021
151851
154359
154645
156187
156554
156613
157836
158206
158577
158638
159622
160951
162285
162863
163294
168628
169437
169857
170748
172509
172981
173085
173607
178338
179885
180115
180808
181788
182544
183479
184012
184814
186921
188715
189656
191001
191086
191574
192493
192619
197611
198409
198903
199508
200219
200770
201721
202228
202391
204099
206571
208544
208610
209079
210322
211603
211807
214020
214892
214978
215924
215978
217222
219892
220835
222440
222636
225930
226698
233913
234613
236183
236195
236574
236642
237276
238034
238469
238739
241236
241274
243538
243861
244437
244745
246327
248440
251211
251302
253140
253323
254326
254830
255262
256476
258328
258612
258702
260175
260205
264735
264828
265341
265411
265783
266503
267882
268757
271896
272385
273184
273276
273595
274945
274967
277139
277432
281231
282072
283740
284144
284734
285367
285675
286270
288386
289258
289456
289844
290026
291591
292879
293976
294244
295430
298498
298847
299724
299789
302158
303039
304419
305049
305405
306592
306832
306950
309989
311487
311613
313515
316261
317594
317640
318124
318552
319226
320164
320851
320924
321931
322849
323658
323664
324324
326059
326291
327120
327349
327422
328233
329719
330684
330778
331538
332982
333043
334693
335547
336011
336901
336965
337917
338738
339688
339767
340616
340853
341070
343132
343390
343597
344973
345112
347620
348331
348497
349617
351002
351239
353363
354604
354823
355581
355705
355881
356395
356719
358233
359972
360170
360815
361332
361348
361439
361497
361530
362266
363256
363865
364365
364823
365189
368457
368489
368812
369966
372499
373448
374067
378524
378610
379992
380348
382955
383285
384269
387070
387498
387770
389168
391917
393227
393623
395218
395232
396033
397274
397396
397553
398927
399209
400380
400592
401324
401894
404773
405703
406169
406857
407987
408702
409612
410785
411109
411900
413015
413187
414367
414794
415312
417483
419653
419992
421232
421978
422367
423326
424161
424499
424676
427107
427767
429700
431473
433228
433531
433644
434304
435411
436391
436437
436525
437399
437613
438137
438221
440810
441113
441225
441716
442633
444366
444397
445488
445585
446928
447048
451089
451944
453575
454176
456272
456311
456544
457216
457879
458539
458699
460075
460246
461510
462058
462250
463442
463975
464031
464331
465344
467488
469310
470410
472302
473425
473510
473930
475005
476806
477898
480291
481369
482008
482222
482318
485632
486106
487550
487738
487757
487799
487967
488709
489077
490783
494468
494908
495765
497706
499786
501391
506231
506663
507467
507583
507631
509078
509837
510170
511461
512036
513361
513677
514043
514102
514274
514808
514862
516107
517853
517904
518004
518826
518839
518916
523671
524886
526118
526250
527007
528640
533959
535265
535646
536879
537108
538027
538801
539994
540060
540989
541059
542299
542641
544099
544319
546491
550838
551776
552277
555054
556131
558136
559971
561246
562334
562608
564492
565208
568140
569320
569420
570201
570625
571445
572382
573574
575322
576255
576257
577502
578259
580963
581597
581758
585229
585656
587276
587535
588372
589748
590448
590692
590877
591451
595106
595660
598448
599888
600669
601570
602230
605130
607564
608333
609333
610409
610549
610706
610772
613082
614999
618478
618857
619944
620949
622215
626655
627011
627897
628313
628538
629424
630639
633247
633973
635764
636829
639500
640029
640698
641080
643970
644635
644778
647950
648272
648683
649438
649554
649877
649880
651209
652387
653855
654694
654749
654959
658746
661005
661225
665588
666073
666174
666623
667022
667175
667420
668125
670446
670476
671054
671145
672640
672658
675027
676195
676459
683029
686536
687101
688999
689767
690148
690243
690586
691125
691837
694019
694237
694824
695159
696059
696237
696340
698120
698240
699399
699838
700799
703263
704549
704796
705108
706168
707259
708290
712895
713020
713128
713647
714596
715388
717428
718304
719178
719578
720685
723498
724848
725209
725697
726693
726726
726802
727654
728080
728413
728764
729819
730176
730590
732345
733792
735481
737036
737156
737341
739099
739645
741013
741675
741727
744229
745374
746569
746868
749038
749374
750364
750656
750682
752461
756649
757736
757849
759815
761884
762609
764637
766736
767346
768340
769433
770506
770923
772743
773577
775377
777537
777770
778034
778386
778655
779368
780595
781319
781570
781605
782880
783386
787933
788631
789363
789429
790336
790619
791184
791821
792379
792862
793262
793333
794148
795680
795917
797170
799155
801691
802057
803349
803568
805528
806458
806785
807573
807575
809399
809645
810389
810736
810995
812131
812937
817857
819343
819781
822182
822443
823048
825373
828937
830270
830491
830846
831121
832055
832374
833042
833604
833622
835339
835737
836129
836593
842983
843668
844362
846303
850019
851837
852226
853733
853740
855557
857719
859039
859665
861489
861859
866646
867138
867607
867697
867994
868448
868775
868791
869302
870502
870738
871057
871269
871535
871970
874270
875642
877498
877663
878229
879166
881096
883042
883952
884692
885729
889183
889325
889823
890246
891000
891321
891838
891851
892147
895350
895809
895971
897118
897237
897345
898506
901688
901800
902214
903184
903395
903508
903592
904278
904785
905264
905461
906169
906871
908563
909763
910902
911807
911929
912800
912890
913042
914304
914538
914684
916542
917513
919248
920555
920818
920886
921485
921788
924110
924752
925036
927484
928161
928220
928352
931454
931797
931998
932367
932803
932816
933440
934241
935547
937088
937386
937488
940299
941241
941267
941530
941781
941802
942548
943419
943628
944255
947958
948948
949875
950484
950844
954691
955245
955283
955755
958050
959392
960019
961258
962509
964071
964924
966919
968284
969113
969162
970237
971151
971630
971880
974364
974407
974921
974948
977478
977672
977683
979410
979863
980783
981408
982131
983849
984160
984635
985131
986045
986532
987011
988203
988856
989424
989436
989826
990718
991110
991960
993175
993219
995177
995400
996359
997679
998977
999503
999712
