2033
2033
2033
2033
2033
3356
3356
3356
3356
3356
3963
3963
3963
3963
3963
4008
4008
4008
4008
4008
6473
6473
6473
6473
6473
6797
6797
6797
6797
6797
7689
7689
7689
7689
7689
8991
8991
8991
8991
8991
10228
10228
10228
10228
10228
10696
10696
10696
10696
10696
11031
11031
11031
11031
11031
11323
11323
11323
11323
11323
13911
13911
13911
13911
13911
14005
14005
14005
14005
14005
15462
15462
15462
15462
15462
15919
15919
15919
15919
15919
17998
17998
17998
17998
17998
19490
19490
19490
19490
19490
19859
19859
19859
19859
19859
21191
21191
21191
21191
21191
22471
22471
22471
22471
22471
23523
23523
23523
23523
23523
23582
23582
23582
23582
23582
25159
25159
25159
25159
25159
27073
27073
27073
27073
27073
27461
27461
27461
27461
27461
27543
27543
27543
27543
27543
28733
28733
28733
28733
28733
29295
29295
29295
29295
29295
29861
29861
29861
29861
29861
30029
30029
30029
30029
30029
33269
33269
33269
33269
33269
33286
33286
33286
33286
33286
33989
33989
33989
33989
33989
35340
35340
35340
35340
35340
36026
36026
36026
36026
36026
38872
38872
38872
38872
38872
39279
39279
39279
39279
39279
39842
39842
39842
39842
39842
40089
40089
40089
40089
40089
40900
40900
40900
40900
40900
42177
42177
42177
42177
42177
42973
42973
42973
42973
42973
43133
43133
43133
43133
43133
43792
43792
43792
43792
43792
44218
44218
44218
44218
44218
44521
44521
44521
44521
44521
45487
45487
45487
45487
45487
47809
47809
47809
47809
47809
48831
48831
48831
48831
48831
50411
50411
50411
50411
50411
51028
51028
51028
51028
51028
51269
51269
51269
51269
51269
51691
51691
51691
51691
51691
51986
51986
51986
51986
51986
52210
52210
52210
52210
52210
52227
52227
52227
52227
52227
52877
52877
52877
52877
52877
53009
53009
53009
53009
53009
55162
55162
55162
55162
55162
56004
56004
56004
56004
56004
56809
56809
56809
56809
56809
57487
57487
57487
57487
57487
57661
57661
57661
57661
57661
57851
57851
57851
57851
57851
57886
57886
57886
57886
57886
58506
58506
58506
58506
58506
60140
60140
60140
60140
60140
60361
60361
60361
60361
60361
62652
62652
62652
62652
62652
64120
64120
64120
64120
64120
64126
64126
64126
64126
64126
64864
64864
64864
64864
64864
65309
65309
65309
65309
65309
65432
65432
65432
65432
65432
65898
65898
65898
65898
65898
70954
70954
70954
70954
70954
71453
71453
71453
71453
71453
73035
73035
73035
73035
73035
74512
74512
74512
74512
74512
74689
74689
74689
74689
74689
75333
75333
75333
75333
75333
77319
77319
77319
77319
77319
77683
77683
77683
77683
77683
81015
81015
81015
81015
81015
82281
82281
82281
82281
82281
84655
84655
84655
84655
84655
85486
85486
85486
85486
85486
86267
86267
86267
86267
86267
86809
86809
86809
86809
86809
87074
87074
87074
87074
87074
87573
87573
87573
87573
87573
87657
87657
87657
87657
87657
89219
89219
89219
89219
89219
91197
91197
91197
91197
91197
93509
93509
93509
93509
93509
93595
93595
93595
93595
93595
98350
98350
98350
98350
98350
98917
98917
98917
98917
98917
99510
99510
99510
99510
99510
101026
101026
101026
101026
101026
101734
101734
101734
101734
101734
102706
102706
102706
102706
102706
104306
104306
104306
104306
104306
104796
104796
104796
104796
104796
105016
105016
105016
105016
105016
108549
108549
108549
108549
108549
109995
109995
109995
109995
109995
110808
110808
110808
110808
110808
111678
111678
111678
111678
111678
113728
113728
113728
113728
113728
115644
115644
115644
115644
115644
116560
116560
116560
116560
116560
116814
116814
116814
116814
116814
117319
117319
117319
117319
117319
120418
120418
120418
120418
120418
122550
122550
122550
122550
122550
123102
123102
123102
123102
123102
124049
124049
124049
124049
124049
126478
126478
126478
126478
126478
127907
127907
127907
127907
127907
128317
128317
128317
128317
128317
130466
130466
130466
130466
130466
131733
131733
131733
131733
131733
132310
132310
132310
132310
132310
133711
133711
133711
133711
133711
133931
133931
133931
133931
133931
135774
135774
135774
135774
135774
136112
136112
136112
136112
136112
138302
138302
138302
138302
138302
139208
139208
139208
139208
139208
139349
139349
139349
139349
139349
140224
140224
140224
140224
140224
141108
141108
141108
141108
141108
141437
141437
141437
141437
141437
142697
142697
142697
142697
142697
142820
142820
142820
142820
142820
143134
143134
143134
143134
143134
144054
144054
144054
144054
144054
144094
144094
144094
144094
144094
145681
145681
145681
145681
145681
146500
146500
146500
146500
146500
146635
146635
146635
146635
146635
147605
147605
147605
147605
147605
148393
148393
148393
148393
148393
148589
148589
148589
148589
148589
150048
150048
150048
150048
150048
151021
151021
151021
151021
151021
151851
151851
151851
151851
151851
154359
154359
154359
154359
154359
154645
154645
154645
154645
154645
156187
156187
156187
156187
156187
156554
156554
156554
156554
156554
156613
156613
156613
156613
156613
157836
157836
157836
157836
157836
158206
158206
158206
158206
158206
158577
158577
158577
158577
158577
158638
158638
158638
158638
158638
159622
159622
159622
159622
159622
160951
160951
160951
160951
160951
162285
162285
162285
162285
162285
162863
162863
162863
162863
162863
163294
163294
163294
163294
163294
168628
168628
168628
168628
168628
169437
169437
169437
169437
169437
169857
169857
169857
169857
169857
170748
170748
170748
170748
170748
172509
172509
172509
172509
172509
172981
172981
172981
172981
172981
173085
173085
173085
173085
173085
173607
173607
173607
173607
173607
178338
178338
178338
178338
178338
179885
179885
179885
179885
179885
180115
180115
180115
180115
180115
180808
180808
180808
180808
180808
181788
181788
181788
181788
181788
182544
182544
182544
182544
182544
183479
183479
183479
183479
183479
184012
184012
184012
184012
184012
184814
184814
184814
184814
184814
186921
186921
186921
186921
186921
188715
188715
188715
188715
188715
189656
189656
189656
189656
189656
191001
191001
191001
191001
191001
191086
191086
191086
191086
191086
191574
191574
191574
191574
191574
192493
192493
192493
192493
192493
192619
192619
192619
192619
192619
197611
197611
197611
197611
197611
198409
198409
198409
198409
198409
198903
198903
198903
198903
198903
199508
199508
199508
199508
199508
200219
200219
200219
200219
200219
200770
200770
200770
200770
200770
201721
201721
201721
201721
201721
202228
202228
202228
202228
202228
202391
202391
202391
202391
202391
204099
204099
204099
204099
204099
206571
206571
206571
206571
206571
208544
208544
208544
208544
208544
208610
208610
208610
208610
208610
209079
209079
209079
209079
209079
210322
210322
210322
210322
210322
211603
211603
211603
211603
211603
211807
211807
211807
211807
211807
214020
214020
214020
214020
214020
214892
214892
214892
214892
214892
214978
214978
214978
214978
214978
215924
215924
215924
215924
215924
215978
215978
215978
215978
215978
217222
217222
217222
217222
217222
219892
219892
219892
219892
219892
220835
220835
220835
220835
220835
222440
222440
222440
222440
222440
222636
222636
222636
222636
222636
225930
225930
225930
225930
225930
226698
226698
226698
226698
226698
233913
233913
233913
233913
233913
234613
234613
234613
234613
234613
236183
236183
236183
236183
236183
236195
236195
236195
236195
236195
236574
236574
236574
236574
236574
236642
236642
236642
236642
236642
237276
237276
237276
237276
237276
238034
238034
238034
238034
238034
238469
238469
238469
238469
238469
238739
238739
238739
238739
238739
241236
241236
241236
241236
241236
241274
241274
241274
241274
241274
243538
243538
243538
243538
243538
243861
243861
243861
243861
243861
244437
244437
244437
244437
244437
244745
244745
244745
244745
244745
246327
246327
246327
246327
246327
248440
248440
248440
248440
248440
251211
251211
251211
251211
251211
251302
251302
251302
251302
251302
253140
253140
253140
253140
253140
253323
253323
253323
253323
253323
254326
254326
254326
254326
254326
254830
254830
254830
254830
254830
255262
255262
255262
255262
255262
256476
256476
256476
256476
256476
258328
258328
258328
258328
258328
258612
258612
258612
258612
258612
258702
258702
258702
258702
258702
260175
260175
260175
260175
260175
260205
260205
260205
260205
260205
264735
264735
264735
264735
264735
264828
264828
264828
264828
264828
265341
265341
265341
265341
265341
265411
265411
265411
265411
265411
265783
265783
265783
265783
265783
266503
266503
266503
266503
266503
267882
267882
267882
267882
267882
268757
268757
268757
268757
268757
271896
271896
271896
271896
271896
272385
272385
272385
272385
272385
273184
273184
273184
273184
273184
273276
273276
273276
273276
273276
273595
273595
273595
273595
273595
274945
274945
274945
274945
274945
274967
274967
274967
274967
274967
277139
277139
277139
277139
277139
277432
277432
277432
277432
277432
281231
281231
281231
281231
281231
282072
282072
282072
282072
282072
283740
283740
283740
283740
283740
284144
284144
284144
284144
284144
284734
284734
284734
284734
284734
285367
285367
285367
285367
285367
285675
285675
285675
285675
285675
286270
286270
286270
286270
286270
288386
288386
288386
288386
288386
289258
289258
289258
289258
289258
289456
289456
289456
289456
289456
289844
289844
289844
289844
289844
290026
290026
290026
290026
290026
291591
291591
291591
291591
291591
292879
292879
292879
292879
292879
293976
293976
293976
293976
293976
294244
294244
294244
294244
294244
295430
295430
295430
295430
295430
298498
298498
298498
298498
298498
298847
298847
298847
298847
298847
299724
299724
299724
299724
299724
299789
299789
299789
299789
299789
302158
302158
302158
302158
302158
303039
303039
303039
303039
303039
304419
304419
304419
304419
304419
305049
305049
305049
305049
305049
305405
305405
305405
305405
305405
306592
306592
306592
306592
306592
306832
306832
306832
306832
306832
306950
306950
306950
306950
306950
309989
309989
309989
309989
309989
311487
311487
311487
311487
311487
311613
311613
311613
311613
311613
313515
313515
313515
313515
313515
316261
316261
316261
316261
316261
317594
317594
317594
317594
317594
317640
317640
317640
317640
317640
318124
318124
318124
318124
318124
318552
318552
318552
318552
318552
319226
319226
319226
319226
319226
320164
320164
320164
320164
320164
320851
320851
320851
320851
320851
320924
320924
320924
320924
320924
321931
321931
321931
321931
321931
322849
322849
322849
322849
322849
323658
323658
323658
323658
323658
323664
323664
323664
323664
323664
324324
324324
324324
324324
324324
326059
326059
326059
326059
326059
326291
326291
326291
326291
326291
327120
327120
327120
327120
327120
327349
327349
327349
327349
327349
327422
327422
327422
327422
327422
328233
328233
328233
328233
328233
329719
329719
329719
329719
329719
330684
330684
330684
330684
330684
330778
330778
330778
330778
330778
331538
331538
331538
331538
331538
332982
332982
332982
332982
332982
333043
333043
333043
333043
333043
334693
334693
334693
334693
334693
335547
335547
335547
335547
335547
336011
336011
336011
336011
336011
336901
336901
336901
336901
336901
336965
336965
336965
336965
336965
337917
337917
337917
337917
337917
338738
338738
338738
338738
338738
339688
339688
339688
339688
339688
339767
339767
339767
339767
339767
340616
340616
340616
340616
340616
340853
340853
340853
340853
340853
341070
341070
341070
341070
341070
343132
343132
343132
343132
343132
343390
343390
343390
343390
343390
343597
343597
343597
343597
343597
344973
344973
344973
344973
344973
345112
345112
345112
345112
345112
347620
347620
347620
347620
347620
348331
348331
348331
348331
348331
348497
348497
348497
348497
348497
349617
349617
349617
349617
349617
351002
351002
351002
351002
351002
351239
351239
351239
351239
351239
353363
353363
353363
353363
353363
354604
354604
354604
354604
354604
354823
354823
354823
354823
354823
355581
355581
355581
355581
355581
355705
355705
355705
355705
355705
355881
355881
355881
355881
355881
356395
356395
356395
356395
356395
356719
356719
356719
356719
356719
358233
358233
358233
358233
358233
359972
359972
359972
359972
359972
360170
360170
360170
360170
360170
360815
360815
360815
360815
360815
361332
361332
361332
361332
361332
361348
361348
361348
361348
361348
361439
361439
361439
361439
361439
361497
361497
361497
361497
361497
361530
361530
361530
361530
361530
362266
362266
362266
362266
362266
363256
363256
363256
363256
363256
363865
363865
363865
363865
363865
364365
364365
364365
364365
364365
364823
364823
364823
364823
364823
365189
365189
365189
365189
365189
368457
368457
368457
368457
368457
368489
368489
368489
368489
368489
368812
368812
368812
368812
368812
369966
369966
369966
369966
369966
372499
372499
372499
372499
372499
373448
373448
373448
373448
373448
374067
374067
374067
374067
374067
378524
378524
378524
378524
378524
378610
378610
378610
378610
378610
379992
379992
379992
379992
379992
380348
380348
380348
380348
380348
382955
382955
382955
382955
382955
383285
383285
383285
383285
383285
384269
384269
384269
384269
384269
387070
387070
387070
387070
387070
387498
387498
387498
387498
387498
387770
387770
387770
387770
387770
389168
389168
389168
389168
389168
391917
391917
391917
391917
391917
393227
393227
393227
393227
393227
393623
393623
393623
393623
393623
395218
395218
395218
395218
395218
395232
395232
395232
395232
395232
396033
396033
396033
396033
396033
397274
397274
397274
397274
397274
397396
397396
397396
397396
397396
397553
397553
397553
397553
397553
398927
398927
398927
398927
398927
399209
399209
399209
399209
399209
400380
400380
400380
400380
400380
400592
400592
400592
400592
400592
401324
401324
401324
401324
401324
401894
401894
401894
401894
401894
404773
404773
404773
404773
404773
405703
405703
405703
405703
405703
406169
406169
406169
406169
406169
406857
406857
406857
406857
406857
407987
407987
407987
407987
407987
408702
408702
408702
408702
408702
409612
409612
409612
409612
409612
410785
410785
410785
410785
410785
411109
411109
411109
411109
411109
411900
411900
411900
411900
411900
413015
413015
413015
413015
413015
413187
413187
413187
413187
413187
414367
414367
414367
414367
414367
414794
414794
414794
414794
414794
415312
415312
415312
415312
415312
417483
417483
417483
417483
417483
419653
419653
419653
419653
419653
419992
419992
419992
419992
419992
421232
421232
421232
421232
421232
421978
421978
421978
421978
421978
422367
422367
422367
422367
422367
423326
423326
423326
423326
423326
424161
424161
424161
424161
424161
424499
424499
424499
424499
424499
424676
424676
424676
424676
424676
427107
427107
427107
427107
427107
427767
427767
427767
427767
427767
429700
429700
429700
429700
429700
431473
431473
431473
431473
431473
433228
433228
433228
433228
433228
433531
433531
433531
433531
433531
433644
433644
433644
433644
433644
434304
434304
434304
434304
434304
435411
435411
435411
435411
435411
436391
436391
436391
436391
436391
436437
436437
436437
436437
436437
436525
436525
436525
436525
436525
437399
437399
437399
437399
437399
437613
437613
437613
437613
437613
438137
438137
438137
438137
438137
438221
438221
438221
438221
438221
440810
440810
440810
440810
440810
441113
441113
441113
441113
441113
441225
441225
441225
441225
441225
441716
441716
441716
441716
441716
442633
442633
442633
442633
442633
444366
444366
444366
444366
444366
444397
444397
444397
444397
444397
445488
445488
445488
445488
445488
445585
445585
445585
445585
445585
446928
446928
446928
446928
446928
447048
447048
447048
447048
447048
451089
451089
451089
451089
451089
451944
451944
451944
451944
451944
453575
453575
453575
453575
453575
454176
454176
454176
454176
454176
456272
456272
456272
456272
456272
456311
456311
456311
456311
456311
456544
456544
456544
456544
456544
457216
457216
457216
457216
457216
457879
457879
457879
457879
457879
458539
458539
458539
458539
458539
458699
458699
458699
458699
458699
460075
460075
460075
460075
460075
460246
460246
460246
460246
460246
461510
461510
461510
461510
461510
462058
462058
462058
462058
462058
462250
462250
462250
462250
462250
463442
463442
463442
463442
463442
463975
463975
463975
463975
463975
464031
464031
464031
464031
464031
464331
464331
464331
464331
464331
465344
465344
465344
465344
465344
467488
467488
467488
467488
467488
469310
469310
469310
469310
469310
470410
470410
470410
470410
470410
472302
472302
472302
472302
472302
473425
473425
473425
473425
473425
473510
473510
473510
473510
473510
473930
473930
473930
473930
473930
475005
475005
475005
475005
475005
476806
476806
476806
476806
476806
477898
477898
477898
477898
477898
480291
480291
480291
480291
480291
481369
481369
481369
481369
481369
482008
482008
482008
482008
482008
482222
482222
482222
482222
482222
482318
482318
482318
482318
482318
485632
485632
485632
485632
485632
486106
486106
486106
486106
486106
487550
487550
487550
487550
487550
487738
487738
487738
487738
487738
487757
487757
487757
487757
487757
487799
487799
487799
487799
487799
487967
487967
487967
487967
487967
488709
488709
488709
488709
488709
489077
489077
489077
489077
489077
490783
490783
490783
490783
490783
494468
494468
494468
494468
494468
494908
494908
494908
494908
494908
495765
495765
495765
495765
495765
497706
497706
497706
497706
497706
499786
499786
499786
499786
499786
501391
501391
501391
501391
501391
506231
506231
506231
506231
506231
506663
506663
506663
506663
506663
507467
507467
507467
507467
507467
507583
507583
507583
507583
507583
507631
507631
507631
507631
507631
509078
509078
509078
509078
509078
509837
509837
509837
509837
509837
510170
510170
510170
510170
510170
511461
511461
511461
511461
511461
512036
512036
512036
512036
512036
513361
513361
513361
513361
513361
513677
513677
513677
513677
513677
514043
514043
514043
514043
514043
514102
514102
514102
514102
514102
514274
514274
514274
514274
514274
514808
514808
514808
514808
514808
514862
514862
514862
514862
514862
516107
516107
516107
516107
516107
517853
517853
517853
517853
517853
517904
517904
517904
517904
517904
518004
518004
518004
518004
518004
518826
518826
518826
518826
518826
518839
518839
518839
518839
518839
518916
518916
518916
518916
518916
523671
523671
523671
523671
523671
524886
524886
524886
524886
524886
526118
526118
526118
526118
526118
526250
526250
526250
526250
526250
527007
527007
527007
527007
527007
528640
528640
528640
528640
528640
533959
533959
533959
533959
533959
535265
535265
535265
535265
535265
535646
535646
535646
535646
535646
536879
536879
536879
536879
536879
537108
537108
537108
537108
537108
538027
538027
538027
538027
538027
538801
538801
538801
538801
538801
539994
539994
539994
539994
539994
540060
540060
540060
540060
540060
540989
540989
540989
540989
540989
541059
541059
541059
541059
541059
542299
542299
542299
542299
542299
542641
542641
542641
542641
542641
544099
544099
544099
544099
544099
544319
544319
544319
544319
544319
546491
546491
546491
546491
546491
550838
550838
550838
550838
550838
551776
551776
551776
551776
551776
552277
552277
552277
552277
552277
555054
555054
555054
555054
555054
556131
556131
556131
556131
556131
558136
558136
558136
558136
558136
559971
559971
559971
559971
559971
561246
561246
561246
561246
561246
562334
562334
562334
562334
562334
562608
562608
562608
562608
562608
564492
564492
564492
564492
564492
565208
565208
565208
565208
565208
568140
568140
568140
568140
568140
569320
569320
569320
569320
569320
569420
569420
569420
569420
569420
570201
570201
570201
570201
570201
570625
570625
570625
570625
570625
571445
571445
571445
571445
571445
572382
572382
572382
572382
572382
573574
573574
573574
573574
573574
575322
575322
575322
575322
575322
576255
576255
576255
576255
576255
576257
576257
576257
576257
576257
577502
577502
577502
577502
577502
578259
578259
578259
578259
578259
580963
580963
580963
580963
580963
581597
581597
581597
581597
581597
581758
581758
581758
581758
581758
585229
585229
585229
585229
585229
585656
585656
585656
585656
585656
587276
587276
587276
587276
587276
587535
587535
587535
587535
587535
588372
588372
588372
588372
588372
589748
589748
589748
589748
589748
590448
590448
590448
590448
590448
590692
590692
590692
590692
590692
590877
590877
590877
590877
590877
591451
591451
591451
591451
591451
595106
595106
595106
595106
595106
595660
595660
595660
595660
595660
598448
598448
598448
598448
598448
599888
599888
599888
599888
599888
600669
600669
600669
600669
600669
601570
601570
601570
601570
601570
602230
602230
602230
602230
602230
605130
605130
605130
605130
605130
607564
607564
607564
607564
607564
608333
608333
608333
608333
608333
609333
609333
609333
609333
609333
610409
610409
610409
610409
610409
610549
610549
610549
610549
610549
610706
610706
610706
610706
610706
610772
610772
610772
610772
610772
613082
613082
613082
613082
613082
614999
614999
614999
614999
614999
618478
618478
618478
618478
618478
618857
618857
618857
618857
618857
619944
619944
619944
619944
619944
620949
620949
620949
620949
620949
622215
622215
622215
622215
622215
626655
626655
626655
626655
626655
627011
627011
627011
627011
627011
627897
627897
627897
627897
627897
628313
628313
628313
628313
628313
628538
628538
628538
628538
628538
629424
629424
629424
629424
629424
630639
630639
630639
630639
630639
633247
633247
633247
633247
633247
633973
633973
633973
633973
633973
635764
635764
635764
635764
635764
636829
636829
636829
636829
636829
639500
639500
639500
639500
639500
640029
640029
640029
640029
640029
640698
640698
640698
640698
640698
641080
641080
641080
641080
641080
643970
643970
643970
643970
643970
644635
644635
644635
644635
644635
644778
644778
644778
644778
644778
647950
647950
647950
647950
647950
648272
648272
648272
648272
648272
648683
648683
648683
648683
648683
649438
649438
649438
649438
649438
649554
649554
649554
649554
649554
649877
649877
649877
649877
649877
649880
649880
649880
649880
649880
651209
651209
651209
651209
651209
652387
652387
652387
652387
652387
653855
653855
653855
653855
653855
654694
654694
654694
654694
654694
654749
654749
654749
654749
654749
654959
654959
654959
654959
654959
658746
658746
658746
658746
658746
661005
661005
661005
661005
661005
661225
661225
661225
661225
661225
665588
665588
665588
665588
665588
666073
666073
666073
666073
666073
666174
666174
666174
666174
666174
666623
666623
666623
666623
666623
667022
667022
667022
667022
667022
667175
667175
667175
667175
667175
667420
667420
667420
667420
667420
668125
668125
668125
668125
668125
670446
670446
670446
670446
670446
670476
670476
670476
670476
670476
671054
671054
671054
671054
671054
671145
671145
671145
671145
671145
672640
672640
672640
672640
672640
672658
672658
672658
672658
672658
675027
675027
675027
675027
675027
676195
676195
676195
676195
676195
676459
676459
676459
676459
676459
683029
683029
683029
683029
683029
686536
686536
686536
686536
686536
687101
687101
687101
687101
687101
688999
688999
688999
688999
688999
689767
689767
689767
689767
689767
690148
690148
690148
690148
690148
690243
690243
690243
690243
690243
690586
690586
690586
690586
690586
691125
691125
691125
691125
691125
691837
691837
691837
691837
691837
694019
694019
694019
694019
694019
694237
694237
694237
694237
694237
694824
694824
694824
694824
694824
695159
695159
695159
695159
695159
696059
696059
696059
696059
696059
696237
696237
696237
696237
696237
696340
696340
696340
696340
696340
698120
698120
698120
698120
698120
698240
698240
698240
698240
698240
699399
699399
699399
699399
699399
699838
699838
699838
699838
699838
700799
700799
700799
700799
700799
703263
703263
703263
703263
703263
704549
704549
704549
704549
704549
704796
704796
704796
704796
704796
705108
705108
705108
705108
705108
706168
706168
706168
706168
706168
707259
707259
707259
707259
707259
708290
708290
708290
708290
708290
712895
712895
712895
712895
712895
713020
713020
713020
713020
713020
713128
713128
713128
713128
713128
713647
713647
713647
713647
713647
714596
714596
714596
714596
714596
715388
715388
715388
715388
715388
717428
717428
717428
717428
717428
718304
718304
718304
718304
718304
719178
719178
719178
719178
719178
719578
719578
719578
719578
719578
720685
720685
720685
720685
720685
723498
723498
723498
723498
723498
724848
724848
724848
724848
724848
725209
725209
725209
725209
725209
725697
725697
725697
725697
725697
726693
726693
726693
726693
726693
726726
726726
726726
726726
726726
726802
726802
726802
726802
726802
727654
727654
727654
727654
727654
728080
728080
728080
728080
728080
728413
728413
728413
728413
728413
728764
728764
728764
728764
728764
729819
729819
729819
729819
729819
730176
730176
730176
730176
730176
730590
730590
730590
730590
730590
732345
732345
732345
732345
732345
733792
733792
733792
733792
733792
735481
735481
735481
735481
735481
737036
737036
737036
737036
737036
737156
737156
737156
737156
737156
737341
737341
737341
737341
737341
739099
739099
739099
739099
739099
739645
739645
739645
739645
739645
741013
741013
741013
741013
741013
741675
741675
741675
741675
741675
741727
741727
741727
741727
741727
744229
744229
744229
744229
744229
745374
745374
745374
745374
745374
746569
746569
746569
746569
746569
746868
746868
746868
746868
746868
749038
749038
749038
749038
749038
749374
749374
749374
749374
749374
750364
750364
750364
750364
750364
750656
750656
750656
750656
750656
750682
750682
750682
750682
750682
752461
752461
752461
752461
752461
756649
756649
756649
756649
756649
757736
757736
757736
757736
757736
757849
757849
757849
757849
757849
759815
759815
759815
759815
759815
761884
761884
761884
761884
761884
762609
762609
762609
762609
762609
764637
764637
764637
764637
764637
766736
766736
766736
766736
766736
767346
767346
767346
767346
767346
768340
768340
768340
768340
768340
769433
769433
769433
769433
769433
770506
770506
770506
770506
770506
770923
770923
770923
770923
770923
772743
772743
772743
772743
772743
773577
773577
773577
773577
773577
775377
775377
775377
775377
775377
777537
777537
777537
777537
777537
777770
777770
777770
777770
777770
778034
778034
778034
778034
778034
778386
778386
778386
778386
778386
778655
778655
778655
778655
778655
779368
779368
779368
779368
779368
780595
780595
780595
780595
780595
781319
781319
781319
781319
781319
781570
781570
781570
781570
781570
781605
781605
781605
781605
781605
782880
782880
782880
782880
782880
783386
783386
783386
783386
783386
787933
787933
787933
787933
787933
788631
788631
788631
788631
788631
789363
789363
789363
789363
789363
789429
789429
789429
789429
789429
790336
790336
790336
790336
790336
790619
790619
790619
790619
790619
791184
791184
791184
791184
791184
791821
791821
791821
791821
791821
792379
792379
792379
792379
792379
792862
792862
792862
792862
792862
793262
793262
793262
793262
793262
793333
793333
793333
793333
793333
794148
794148
794148
794148
794148
795680
795680
795680
795680
795680
795917
795917
795917
795917
795917
797170
797170
797170
797170
797170
799155
799155
799155
799155
799155
801691
801691
801691
801691
801691
802057
802057
802057
802057
802057
803349
803349
803349
803349
803349
803568
803568
803568
803568
803568
805528
805528
805528
805528
805528
806458
806458
806458
806458
806458
806785
806785
806785
806785
806785
807573
807573
807573
807573
807573
807575
807575
807575
807575
807575
809399
809399
809399
809399
809399
809645
809645
809645
809645
809645
810389
810389
810389
810389
810389
810736
810736
810736
810736
810736
810995
810995
810995
810995
810995
812131
812131
812131
812131
812131
812937
812937
812937
812937
812937
817857
817857
817857
817857
817857
819343
819343
819343
819343
819343
819781
819781
819781
819781
819781
822182
822182
822182
822182
822182
822443
822443
822443
822443
822443
823048
823048
823048
823048
823048
825373
825373
825373
825373
825373
828937
828937
828937
828937
828937
830270
830270
830270
830270
830270
830491
830491
830491
830491
830491
830846
830846
830846
830846
830846
831121
831121
831121
831121
831121
832055
832055
832055
832055
832055
832374
832374
832374
832374
832374
833042
833042
833042
833042
833042
833604
833604
833604
833604
833604
833622
833622
833622
833622
833622
835339
835339
835339
835339
835339
835737
835737
835737
835737
835737
836129
836129
836129
836129
836129
836593
836593
836593
836593
836593
842983
842983
842983
842983
842983
843668
843668
843668
843668
843668
844362
844362
844362
844362
844362
846303
846303
846303
846303
846303
850019
850019
850019
850019
850019
851837
851837
851837
851837
851837
852226
852226
852226
852226
852226
853733
853733
853733
853733
853733
853740
853740
853740
853740
853740
855557
855557
855557
855557
855557
857719
857719
857719
857719
857719
859039
859039
859039
859039
859039
859665
859665
859665
859665
859665
861489
861489
861489
861489
861489
861859
861859
861859
861859
861859
866646
866646
866646
866646
866646
867138
867138
867138
867138
867138
867607
867607
867607
867607
867607
867697
867697
867697
867697
867697
867994
867994
867994
867994
867994
868448
868448
868448
868448
868448
868775
868775
868775
868775
868775
868791
868791
868791
868791
868791
869302
869302
869302
869302
869302
870502
870502
870502
870502
870502
870738
870738
870738
870738
870738
871057
871057
871057
871057
871057
871269
871269
871269
871269
871269
871535
871535
871535
871535
871535
871970
871970
871970
871970
871970
874270
874270
874270
874270
874270
875642
875642
875642
875642
875642
877498
877498
877498
877498
877498
877663
877663
877663
877663
877663
878229
878229
878229
878229
878229
879166
879166
879166
879166
879166
881096
881096
881096
881096
881096
883042
883042
883042
883042
883042
883952
883952
883952
883952
883952
884692
884692
884692
884692
884692
885729
885729
885729
885729
885729
889183
889183
889183
889183
889183
889325
889325
889325
889325
889325
889823
889823
889823
889823
889823
890246
890246
890246
890246
890246
891000
891000
891000
891000
891000
891321
891321
891321
891321
891321
891838
891838
891838
891838
891838
891851
891851
891851
891851
891851
892147
892147
892147
892147
892147
895350
895350
895350
895350
895350
895809
895809
895809
895809
895809
895971
895971
895971
895971
895971
897118
897118
897118
897118
897118
897237
897237
897237
897237
897237
897345
897345
897345
897345
897345
898506
898506
898506
898506
898506
901688
901688
901688
901688
901688
901800
901800
901800
901800
901800
902214
902214
902214
902214
902214
903184
903184
903184
903184
903184
903395
903395
903395
903395
903395
903508
903508
903508
903508
903508
903592
903592
903592
903592
903592
904278
904278
904278
904278
904278
904785
904785
904785
904785
904785
905264
905264
905264
905264
905264
905461
905461
905461
905461
905461
906169
906169
906169
906169
906169
906871
906871
906871
906871
906871
908563
908563
908563
908563
908563
909763
909763
909763
909763
909763
910902
910902
910902
910902
910902
911807
911807
911807
911807
911807
911929
911929
911929
911929
911929
912800
912800
912800
912800
912800
912890
912890
912890
912890
912890
913042
913042
913042
913042
913042
914304
914304
914304
914304
914304
914538
914538
914538
914538
914538
914684
914684
914684
914684
914684
916542
916542
916542
916542
916542
917513
917513
917513
917513
917513
919248
919248
919248
919248
919248
920555
920555
920555
920555
920555
920818
920818
920818
920818
920818
920886
920886
920886
920886
920886
921485
921485
921485
921485
921485
921788
921788
921788
921788
921788
924110
924110
924110
924110
924110
924752
924752
924752
924752
924752
925036
925036
925036
925036
925036
927484
927484
927484
927484
927484
928161
928161
928161
928161
928161
928220
928220
928220
928220
928220
928352
928352
928352
928352
928352
931454
931454
931454
931454
931454
931797
931797
931797
931797
931797
931998
931998
931998
931998
931998
932367
932367
932367
932367
932367
932803
932803
932803
932803
932803
932816
932816
932816
932816
932816
933440
933440
933440
933440
933440
934241
934241
934241
934241
934241
935547
935547
935547
935547
935547
937088
937088
937088
937088
937088
937386
937386
937386
937386
937386
937488
937488
937488
937488
937488
940299
940299
940299
940299
940299
941241
941241
941241
941241
941241
941267
941267
941267
941267
941267
941530
941530
941530
941530
941530
941781
941781
941781
941781
941781
941802
941802
941802
941802
941802
942548
942548
942548
942548
942548
943419
943419
943419
943419
943419
943628
943628
943628
943628
943628
944255
944255
944255
944255
944255
947958
947958
947958
947958
947958
948948
948948
948948
948948
948948
949875
949875
949875
949875
949875
950484
950484
950484
950484
950484
950844
950844
950844
950844
950844
954691
954691
954691
954691
954691
955245
955245
955245
955245
955245
955283
955283
955283
955283
955283
955755
955755
955755
955755
955755
958050
958050
958050
958050
958050
959392
959392
959392
959392
959392
960019
960019
960019
960019
960019
961258
961258
961258
961258
961258
962509
962509
962509
962509
962509
964071
964071
964071
964071
964071
964924
964924
964924
964924
964924
966919
966919
966919
966919
966919
968284
968284
968284
968284
968284
969113
969113
969113
969113
969113
969162
969162
969162
969162
969162
970237
970237
970237
970237
970237
971151
971151
971151
971151
971151
971630
971630
971630
971630
971630
971880
971880
971880
971880
971880
974364
974364
974364
974364
974364
974407
974407
974407
974407
974407
974921
974921
974921
974921
974921
974948
974948
974948
974948
974948
977478
977478
977478
977478
977478
977672
977672
977672
977672
977672
977683
977683
977683
977683
977683
979410
979410
979410
979410
979410
979863
979863
979863
979863
979863
980783
980783
980783
980783
980783
981408
981408
981408
981408
981408
982131
982131
982131
982131
982131
983849
983849
983849
983849
983849
984160
984160
984160
984160
984160
984635
984635
984635
984635
984635
985131
985131
985131
985131
985131
986045
986045
986045
986045
986045
986532
986532
986532
986532
986532
987011
987011
987011
987011
987011
988203
988203
988203
988203
988203
988856
988856
988856
988856
988856
989424
989424
989424
989424
989424
989436
989436
989436
989436
989436
989826
989826
989826
989826
989826
990718
990718
990718
990718
990718
991110
991110
991110
991110
991110
991960
991960
991960
991960
991960
993175
993175
993175
993175
993175
993219
993219
993219
993219
993219
995177
995177
995177
995177
995177
995400
995400
995400
995400
995400
996359
996359
996359
996359
996359
997679
997679
997679
997679
997679
998977
998977
998977
998977
998977
999503
999503
999503
999503
999503
999712
999712
999712
999712
999712
