828
1007
1215
1226
1403
1453
1519
1601
1654
1877
2033
2033
2033
2033
2033
2055
2723
2793
3125
3176
3207
3250
3356
3356
3356
3356
3356
3963
3963
3963
3963
3963
4008
4008
4008
4008
4008
4021
4689
4901
4987
5033
5091
5281
5419
5534
5540
5975
6147
6309
6367
6473
6473
6473
6473
6473
6518
6797
6797
6797
6797
6797
7323
7440
7629
7644
7689
7689
7689
7689
7689
7769
7967
7969
7973
8051
8143
8319
8366
8547
8991
8991
8991
8991
8991
9234
9488
9756
9828
9921
9943
10062
10228
10228
10228
10228
10228
10457
10486
10645
10696
10696
10696
10696
10696
10743
10755
11031
11031
11031
11031
11031
11323
11323
11323
11323
11323
11340
11560
11680
11726
12393
12706
13750
13911
13911
13911
13911
13911
14005
14005
14005
14005
14005
14150
14360
14367
14476
14560
14629
14629
14812
15167
15229
15242
15462
15462
15462
15462
15462
15899
15919
15919
15919
15919
15919
15946
16332
16488
16615
16683
16711
16794
17084
17125
17251
17265
17597
17600
17729
17794
17827
17998
17998
17998
17998
17998
18218
18881
19006
19082
19204
19267
19490
19490
19490
19490
19490
19506
19859
19859
19859
19859
19859
20041
20322
20338
20378
20873
21065
21191
21191
21191
21191
21191
21240
21533
21567
22029
22171
22319
22471
22471
22471
22471
22471
22532
22538
22851
22923
23149
23523
23523
23523
23523
23523
23582
23582
23582
23582
23582
23587
23607
23664
23713
24043
24375
24427
24525
24533
24748
24777
25043
25143
25159
25159
25159
25159
25159
25163
25306
25645
26265
27073
27073
27073
27073
27073
27251
27282
27461
27461
27461
27461
27461
27543
27543
27543
27543
27543
27553
28728
28733
28733
28733
28733
28733
29295
29295
29295
29295
29295
29317
29387
29473
29750
29852
29861
29861
29861
29861
29861
30029
30029
30029
30029
30029
30136
30549
30778
30800
30805
30845
30869
30932
30965
31200
31443
31511
31628
32099
32184
32329
32571
32833
32836
33053
33091
33107
33121
33269
33269
33269
33269
33269
33286
33286
33286
33286
33286
33877
33881
33989
33989
33989
33989
33989
34304
34319
34629
34784
34869
35015
35062
35148
35340
35340
35340
35340
35340
35482
35668
35988
36026
36026
36026
36026
36026
36211
36263
36263
36884
36993
37166
37235
37474
37558
37752
38247
38518
38872
38872
38872
38872
38872
39041
39164
39279
39279
39279
39279
39279
39294
39829
39842
39842
39842
39842
39842
39905
40089
40089
40089
40089
40089
40438
40596
40797
40878
40900
40900
40900
40900
40900
41755
42177
42177
42177
42177
42177
42321
42409
42627
42678
42734
42973
42973
42973
42973
42973
43091
43133
43133
43133
43133
43133
43219
43792
43792
43792
43792
43792
43835
44016
44055
44218
44218
44218
44218
44218
44237
44450
44500
44521
44521
44521
44521
44521
44647
44683
44909
45247
45248
45487
45487
45487
45487
45487
45869
45870
45898
46068
46127
46451
46473
46810
46973
47089
47162
47575
47714
47809
47809
47809
47809
47809
47820
47918
47945
48086
48239
48317
48358
48413
48564
48831
48831
48831
48831
48831
48878
48888
49084
49480
49997
50176
50411
50411
50411
50411
50411
50602
50740
51028
51028
51028
51028
51028
51103
51269
51269
51269
51269
51269
51312
51555
51691
51691
51691
51691
51691
51912
51986
51986
51986
51986
51986
52087
52210
52210
52210
52210
52210
52227
52227
52227
52227
52227
52877
52877
52877
52877
52877
53009
53009
53009
53009
53009
53165
53330
53357
53920
54016
54092
54211
54536
54646
54701
54702
54970
55162
55162
55162
55162
55162
55306
55546
55635
56004
56004
56004
56004
56004
56540
56683
56809
56809
56809
56809
56809
56920
56954
57419
57487
57487
57487
57487
57487
57501
57535
57633
57661
57661
57661
57661
57661
57785
57851
57851
57851
57851
57851
57886
57886
57886
57886
57886
58125
58134
58260
58312
58488
58506
58506
58506
58506
58506
58532
58619
58794
58869
58916
58942
59441
59452
59578
59925
59950
60140
60140
60140
60140
60140
60178
60361
60361
60361
60361
60361
60777
61902
62068
62142
62237
62466
62652
62652
62652
62652
62652
62675
62811
63050
63125
63752
63926
64047
64077
64120
64120
64120
64120
64120
64126
64126
64126
64126
64126
64288
64371
64570
64784
64864
64864
64864
64864
64864
64883
65077
65309
65309
65309
65309
65309
65432
65432
65432
65432
65432
65435
65673
65898
65898
65898
65898
65898
66056
66102
66264
66314
66383
66625
66822
67115
67128
67135
67157
67290
67458
67591
67718
67781
68137
69034
69168
69400
69576
69790
70074
70297
70660
70729
70880
70939
70954
70954
70954
70954
70954
71160
71453
71453
71453
71453
71453
71650
71739
71824
71908
71958
72168
72267
72277
72657
73035
73035
73035
73035
73035
73345
73364
73428
73431
73549
73635
73774
73827
73895
74077
74480
74512
74512
74512
74512
74512
74588
74689
74689
74689
74689
74689
74730
74877
74926
74982
75101
75333
75333
75333
75333
75333
75885
76011
76091
76143
76397
76576
76696
76881
76917
77319
77319
77319
77319
77319
77683
77683
77683
77683
77683
77691
77818
77859
77886
78441
78504
78561
78680
78744
78774
78781
78982
79018
79022
79158
79347
79479
79597
79656
79665
79962
80036
80413
81015
81015
81015
81015
81015
81016
81194
81551
81625
81625
81858
81899
81945
81982
82015
82049
82060
82281
82281
82281
82281
82281
82340
82628
82742
82783
83143
83158
83209
83660
84524
84536
84655
84655
84655
84655
84655
84738
84902
85106
85367
85407
85486
85486
85486
85486
85486
86267
86267
86267
86267
86267
86773
86809
86809
86809
86809
86809
86896
87022
87029
87074
87074
87074
87074
87074
87102
87225
87438
87499
87573
87573
87573
87573
87573
87657
87657
87657
87657
87657
87826
87945
88101
88387
88435
88599
88633
88664
88897
88932
89048
89219
89219
89219
89219
89219
89315
89506
90485
90490
90583
90748
90843
91026
91184
91197
91197
91197
91197
91197
91263
91269
91427
91463
91716
91919
92105
92111
92209
92622
93076
93172
93509
93509
93509
93509
93509
93595
93595
93595
93595
93595
93915
94179
94241
94310
94323
94929
94948
94999
95008
95160
95360
95912
95948
96369
96663
96681
96778
96991
97301
97520
97730
97766
97903
98078
98350
98350
98350
98350
98350
98406
98548
98604
98639
98754
98917
98917
98917
98917
98917
99144
99270
99316
99388
99510
99510
99510
99510
99510
99604
99817
100528
100615
100808
100945
101026
101026
101026
101026
101026
101163
101258
101430
101708
101734
101734
101734
101734
101734
102089
102183
102409
102706
102706
102706
102706
102706
103136
103361
104027
104034
104249
104306
104306
104306
104306
104306
104429
104796
104796
104796
104796
104796
104960
105016
105016
105016
105016
105016
105076
105148
105235
105323
105414
105694
105854
105999
106004
106287
106342
106936
106943
107081
107217
107461
107554
107598
107972
108306
108365
108549
108549
108549
108549
108549
108920
109189
109354
109462
109553
109853
109907
109995
109995
109995
109995
109995
110330
110401
110437
110808
110808
110808
110808
110808
110916
110996
111199
111678
111678
111678
111678
111678
112135
112155
112645
112746
112902
113728
113728
113728
113728
113728
114120
114191
114299
114383
114682
114906
114922
114967
115208
115260
115502
115644
115644
115644
115644
115644
115679
115683
116539
116560
116560
116560
116560
116560
116620
116721
116814
116814
116814
116814
116814
116862
116877
116913
117171
117319
117319
117319
117319
117319
117425
117513
117513
117576
117700
117858
117880
118122
118187
118272
118710
118954
118981
119240
119303
119356
119466
119754
119847
120101
120418
120418
120418
120418
120418
120569
120731
121384
121463
121722
122208
122550
122550
122550
122550
122550
122888
122948
123084
123102
123102
123102
123102
123102
123185
123262
123564
124022
124049
124049
124049
124049
124049
124105
124413
124509
124597
124713
124838
125098
125283
125453
125536
125582
126063
126132
126213
126421
126478
126478
126478
126478
126478
126718
127031
127122
127473
127657
127907
127907
127907
127907
127907
127980
128123
128133
128317
128317
128317
128317
128317
128364
128435
128713
128873
129091
129499
129556
129684
129981
130314
130466
130466
130466
130466
130466
130779
130841
131222
131333
131733
131733
131733
131733
131733
131897
131927
131960
132310
132310
132310
132310
132310
132315
132499
132507
132598
132693
132699
132871
132920
133083
133132
133326
133683
133711
133711
133711
133711
133711
133790
133931
133931
133931
133931
133931
133985
134368
134474
134482
134578
134593
134641
134677
134971
134981
135043
135235
135270
135576
135774
135774
135774
135774
135774
135790
136112
136112
136112
136112
136112
137188
137397
137612
137773
137858
137981
138050
138078
138085
138087
138302
138302
138302
138302
138302
138827
138884
139208
139208
139208
139208
139208
139226
139349
139349
139349
139349
139349
139628
139742
140006
140108
140194
140224
140224
140224
140224
140224
140866
141108
141108
141108
141108
141108
141386
141434
141437
141437
141437
141437
141437
141713
141766
142115
142239
142697
142697
142697
142697
142697
142820
142820
142820
142820
142820
142882
143025
143119
143134
143134
143134
143134
143134
143159
143337
144054
144054
144054
144054
144054
144094
144094
144094
144094
144094
144113
144545
144593
144801
144875
144912
144980
145107
145681
145681
145681
145681
145681
145989
146091
146421
146500
146500
146500
146500
146500
146614
146635
146635
146635
146635
146635
147605
147605
147605
147605
147605
147628
147825
147864
148139
148189
148195
148249
148393
148393
148393
148393
148393
148405
148444
148589
148589
148589
148589
148589
148656
148744
149593
149844
150048
150048
150048
150048
150048
150066
150288
150516
150657
150676
150904
151021
151021
151021
151021
151021
151243
151523
151851
151851
151851
151851
151851
151862
151894
152047
152126
152294
152311
152323
152641
152768
152787
152853
152903
153204
153247
153306
153343
153380
153616
153911
154021
154170
154172
154192
154310
154359
154359
154359
154359
154359
154367
154645
154645
154645
154645
154645
155153
155800
155842
156075
156187
156187
156187
156187
156187
156407
156554
156554
156554
156554
156554
156613
156613
156613
156613
156613
157294
157376
157408
157485
157561
157815
157836
157836
157836
157836
157836
157897
158206
158206
158206
158206
158206
158326
158411
158521
158577
158577
158577
158577
158577
158638
158638
158638
158638
158638
158658
158671
158866
158903
159238
159293
159622
159622
159622
159622
159622
160243
160268
160895
160951
160951
160951
160951
160951
161618
161619
161718
161751
161846
162285
162285
162285
162285
162285
162302
162331
162447
162863
162863
162863
162863
162863
162899
163046
163101
163184
163213
163294
163294
163294
163294
163294
163523
164136
164461
164674
164950
164962
165051
165273
165441
165508
165566
165600
165945
166465
166526
166604
166633
167380
167531
167641
167780
168066
168100
168107
168628
168628
168628
168628
168628
168733
168830
169008
169303
169437
169437
169437
169437
169437
169470
169541
169857
169857
169857
169857
169857
170439
170494
170547
170748
170748
170748
170748
170748
170774
171047
171401
171457
171612
171659
171730
171749
171750
172040
172150
172156
172446
172509
172509
172509
172509
172509
172523
172806
172981
172981
172981
172981
172981
173085
173085
173085
173085
173085
173202
173607
173607
173607
173607
173607
174237
174355
174508
174642
174770
175362
175745
175791
175868
175962
176867
177122
177180
177235
177375
177423
178338
178338
178338
178338
178338
178375
178706
178713
178990
179126
179391
179641
179885
179885
179885
179885
179885
179969
179993
180115
180115
180115
180115
180115
180264
180740
180795
180808
180808
180808
180808
180808
180950
181539
181595
181788
181788
181788
181788
181788
181906
182310
182364
182408
182544
182544
182544
182544
182544
182712
182957
183479
183479
183479
183479
183479
183479
183838
183856
183925
184012
184012
184012
184012
184012
184029
184064
184102
184179
184240
184245
184600
184723
184724
184729
184814
184814
184814
184814
184814
185559
185663
185897
185935
186017
186045
186367
186381
186392
186746
186799
186802
186921
186921
186921
186921
186921
186982
187700
187799
187836
188084
188362
188715
188715
188715
188715
188715
189014
189029
189040
189505
189656
189656
189656
189656
189656
189821
189855
189887
189957
190183
190237
190498
190551
190612
190676
190692
190920
191001
191001
191001
191001
191001
191076
191086
191086
191086
191086
191086
191153
191169
191252
191375
191483
191574
191574
191574
191574
191574
191843
192312
192320
192493
192493
192493
192493
192493
192619
192619
192619
192619
192619
192947
193422
193796
194391
195130
195239
195275
195466
195638
195639
195865
196212
196235
196259
196268
196500
196582
196589
196981
197308
197330
197332
197398
197611
197611
197611
197611
197611
197628
197729
198409
198409
198409
198409
198409
198544
198903
198903
198903
198903
198903
198993
199186
199345
199385
199508
199508
199508
199508
199508
199600
199958
200080
200219
200219
200219
200219
200219
200770
200770
200770
200770
200770
201145
201570
201721
201721
201721
201721
201721
201897
202206
202228
202228
202228
202228
202228
202361
202389
202391
202391
202391
202391
202391
202473
202560
202698
202769
203081
203122
203202
203429
203811
203859
204099
204099
204099
204099
204099
204199
204485
204542
204633
204693
204891
205381
205387
205503
205567
205767
205799
206121
206252
206254
206258
206571
206571
206571
206571
206571
206585
207028
207098
207136
207769
207780
207918
208193
208273
208379
208544
208544
208544
208544
208544
208610
208610
208610
208610
208610
208710
208751
209049
209079
209079
209079
209079
209079
209191
209201
209491
209629
209889
210322
210322
210322
210322
210322
210353
210524
210646
210705
210812
210814
210915
211054
211301
211407
211479
211595
211603
211603
211603
211603
211603
211657
211701
211807
211807
211807
211807
211807
212612
212951
212951
213068
213141
213170
213176
213205
213301
213404
213668
213773
213988
214020
214020
214020
214020
214020
214110
214320
214429
214484
214722
214744
214892
214892
214892
214892
214892
214978
214978
214978
214978
214978
215257
215923
215924
215924
215924
215924
215924
215970
215978
215978
215978
215978
215978
216102
216129
216331
216623
216631
217222
217222
217222
217222
217222
217350
217675
217741
218293
218835
218845
219103
219432
219619
219720
219892
219892
219892
219892
219892
219962
220683
220835
220835
220835
220835
220835
220848
220902
221036
221110
221117
221117
221521
221683
222249
222440
222440
222440
222440
222440
222636
222636
222636
222636
222636
223069
223299
223817
223831
224416
224644
224936
225062
225519
225664
225796
225930
225930
225930
225930
225930
225997
226238
226256
226698
226698
226698
226698
226698
226862
227097
227110
227387
227497
227763
227953
228413
228663
228668
228773
228966
229318
229409
229580
229691
229787
229790
229913
229953
230211
230315
230440
230576
230610
230864
231146
231223
231476
232012
232271
232305
232350
232819
232983
233807
233913
233913
233913
233913
233913
233960
234288
234311
234345
234613
234613
234613
234613
234613
234714
235054
235242
235655
235770
236055
236177
236183
236183
236183
236183
236183
236195
236195
236195
236195
236195
236235
236574
236574
236574
236574
236574
236617
236642
236642
236642
236642
236642
236725
236865
236947
237065
237118
237173
237276
237276
237276
237276
237276
237640
237834
238034
238034
238034
238034
238034
238096
238097
238177
238469
238469
238469
238469
238469
238739
238739
238739
238739
238739
238959
239053
239065
239218
239311
239319
239433
239863
239866
239894
239907
240398
240648
240708
240710
241236
241236
241236
241236
241236
241274
241274
241274
241274
241274
241394
241506
241662
241678
241690
241745
242058
242236
242334
242721
242734
242800
243057
243452
243533
243538
243538
243538
243538
243538
243861
243861
243861
243861
243861
243914
244006
244027
244327
244351
244370
244437
244437
244437
244437
244437
244667
244745
244745
244745
244745
244745
244990
245563
245662
245683
245815
245858
246098
246327
246327
246327
246327
246327
246834
247087
247453
247720
247926
247989
248137
248285
248440
248440
248440
248440
248440
248796
249295
249582
249597
249653
249839
249965
250062
250393
250640
250676
250719
251211
251211
251211
251211
251211
251302
251302
251302
251302
251302
251614
251647
251707
252072
252164
252189
252956
253140
253140
253140
253140
253140
253319
253323
253323
253323
253323
253323
253589
253645
253672
253895
254128
254263
254326
254326
254326
254326
254326
254715
254830
254830
254830
254830
254830
254857
255037
255262
255262
255262
255262
255262
255361
255501
256476
256476
256476
256476
256476
256886
256922
257044
257457
257883
257911
257969
258062
258219
258328
258328
258328
258328
258328
258338
258400
258472
258555
258571
258612
258612
258612
258612
258612
258702
258702
258702
258702
258702
258842
258891
258988
259010
259947
260057
260175
260175
260175
260175
260175
260205
260205
260205
260205
260205
260343
260442
260939
260941
261061
261072
261072
261235
261676
261807
261866
261974
262493
262671
263003
263026
263156
263329
263380
263562
263586
263667
263907
264232
264266
264486
264688
264735
264735
264735
264735
264735
264828
264828
264828
264828
264828
264866
264994
265288
265341
265341
265341
265341
265341
265411
265411
265411
265411
265411
265471
265494
265617
265633
265783
265783
265783
265783
265783
265797
265878
266174
266180
266263
266379
266503
266503
266503
266503
266503
266691
266979
267023
267215
267463
267485
267623
267757
267866
267882
267882
267882
267882
267882
268237
268260
268418
268696
268744
268757
268757
268757
268757
268757
268809
268986
269395
269701
269869
270009
270162
270356
270430
270896
271523
271896
271896
271896
271896
271896
271998
272190
272385
272385
272385
272385
272385
272471
272601
272688
272725
272739
272761
272849
273001
273097
273135
273184
273184
273184
273184
273184
273276
273276
273276
273276
273276
273361
273595
273595
273595
273595
273595
274050
274054
274212
274687
274945
274945
274945
274945
274945
274967
274967
274967
274967
274967
275212
275280
275432
275602
275623
275923
275937
275968
275996
276096
276170
276295
276600
276934
276974
277093
277139
277139
277139
277139
277139
277164
277204
277380
277400
277432
277432
277432
277432
277432
277813
277870
278313
278334
278621
278644
278904
279003
279035
279437
279493
279973
279994
281158
281231
281231
281231
281231
281231
281287
281603
281650
281698
281749
281817
282072
282072
282072
282072
282072
282147
282238
282303
282382
282484
282656
282813
282988
283042
283044
283407
283455
283505
283624
283740
283740
283740
283740
283740
283921
284105
284144
284144
284144
284144
284144
284253
284402
284436
284734
284734
284734
284734
284734
284909
284976
285087
285315
285367
285367
285367
285367
285367
285675
285675
285675
285675
285675
285845
286010
286233
286270
286270
286270
286270
286270
286705
286952
286954
286997
287110
287225
287835
287865
287997
288374
288386
288386
288386
288386
288386
288485
288572
288614
288672
288704
288739
288782
289004
289207
289215
289258
289258
289258
289258
289258
289456
289456
289456
289456
289456
289631
289632
289844
289844
289844
289844
289844
290026
290026
290026
290026
290026
290061
290073
290105
290167
290247
290439
290759
290879
290975
291354
291591
291591
291591
291591
291591
292012
292185
292378
292412
292458
292473
292689
292879
292879
292879
292879
292879
293034
293248
293250
293773
293928
293976
293976
293976
293976
293976
294146
294230
294244
294244
294244
294244
294244
294353
294514
294888
295406
295430
295430
295430
295430
295430
295531
295621
295858
296576
296605
297100
297469
297505
297619
297946
298301
298498
298498
298498
298498
298498
298505
298644
298836
298847
298847
298847
298847
298847
298873
298951
299004
299197
299319
299375
299504
299578
299620
299724
299724
299724
299724
299724
299746
299789
299789
299789
299789
299789
299890
300018
300028
300070
300223
300442
301158
301305
301408
301453
301550
301580
301660
302086
302102
302158
302158
302158
302158
302158
302235
302277
302526
302738
302766
302782
302924
303014
303018
303039
303039
303039
303039
303039
303168
303232
303476
304269
304402
304419
304419
304419
304419
304419
305049
305049
305049
305049
305049
305405
305405
305405
305405
305405
305433
305853
305984
305998
305999
306085
306110
306386
306420
306592
306592
306592
306592
306592
306832
306832
306832
306832
306832
306950
306950
306950
306950
306950
307095
307369
307914
307973
308096
308300
309633
309700
309854
309989
309989
309989
309989
309989
310490
310756
310783
310909
311487
311487
311487
311487
311487
311591
311613
311613
311613
311613
311613
311619
312086
312218
312267
312280
312475
312579
312892
312944
313229
313442
313515
313515
313515
313515
313515
313847
314130
314189
314381
314508
314816
315177
315448
315588
315747
315849
316261
316261
316261
316261
316261
316445
316507
316905
317071
317325
317371
317594
317594
317594
317594
317594
317640
317640
317640
317640
317640
317679
317890
318124
318124
318124
318124
318124
318342
318552
318552
318552
318552
318552
318596
318629
319226
319226
319226
319226
319226
319291
319624
319901
320047
320164
320164
320164
320164
320164
320371
320598
320641
320730
320851
320851
320851
320851
320851
320924
320924
320924
320924
320924
321060
321302
321462
321854
321931
321931
321931
321931
321931
322122
322222
322269
322277
322643
322849
322849
322849
322849
322849
323030
323076
323096
323224
323293
323658
323658
323658
323658
323658
323664
323664
323664
323664
323664
323747
323914
323923
323969
324275
324324
324324
324324
324324
324324
324504
324543
324593
324595
324643
324653
324729
325005
325277
325633
325822
326059
326059
326059
326059
326059
326103
326291
326291
326291
326291
326291
326399
326518
326540
326655
326856
326924
327120
327120
327120
327120
327120
327349
327349
327349
327349
327349
327422
327422
327422
327422
327422
327496
327660
327781
327795
328072
328123
328233
328233
328233
328233
328233
328334
328938
329363
329416
329719
329719
329719
329719
329719
329772
330041
330232
330366
330684
330684
330684
330684
330684
330714
330778
330778
330778
330778
330778
330991
331015
331121
331216
331220
331253
331255
331419
331538
331538
331538
331538
331538
331651
331758
332225
332552
332573
332680
332823
332982
332982
332982
332982
332982
333043
333043
333043
333043
333043
333210
333293
333554
333608
333683
333717
334288
334662
334693
334693
334693
334693
334693
334786
335100
335103
335249
335547
335547
335547
335547
335547
335552
335871
335990
336011
336011
336011
336011
336011
336014
336139
336240
336408
336473
336480
336567
336901
336901
336901
336901
336901
336949
336965
336965
336965
336965
336965
337191
337377
337769
337788
337852
337917
337917
337917
337917
337917
338106
338323
338338
338582
338729
338738
338738
338738
338738
338738
339058
339579
339612
339688
339688
339688
339688
339688
339767
339767
339767
339767
339767
339908
339930
340036
340272
340286
340378
340507
340564
340616
340616
340616
340616
340616
340853
340853
340853
340853
340853
341040
341070
341070
341070
341070
341070
341344
341351
341444
342039
342258
342888
343132
343132
343132
343132
343132
343160
343270
343358
343390
343390
343390
343390
343390
343521
343597
343597
343597
343597
343597
343726
343795
343970
344037
344763
344973
344973
344973
344973
344973
345112
345112
345112
345112
345112
345184
345204
345420
345475
345596
345820
346126
346282
346288
346366
346464
346490
346651
346744
346812
347061
347165
347226
347241
347260
347319
347539
347620
347620
347620
347620
347620
347644
347817
347868
348128
348150
348252
348331
348331
348331
348331
348331
348497
348497
348497
348497
348497
348588
348769
349246
349454
349617
349617
349617
349617
349617
349621
349782
349973
350211
350613
350730
350855
350908
351002
351002
351002
351002
351002
351239
351239
351239
351239
351239
351537
351665
351877
352199
352322
352605
352750
352856
352897
353266
353363
353363
353363
353363
353363
353414
354532
354604
354604
354604
354604
354604
354823
354823
354823
354823
354823
355329
355402
355581
355581
355581
355581
355581
355705
355705
355705
355705
355705
355720
355881
355881
355881
355881
355881
356395
356395
356395
356395
356395
356577
356615
356707
356719
356719
356719
356719
356719
356806
356831
356957
357031
357190
357490
357509
357881
357983
358046
358233
358233
358233
358233
358233
358400
358448
358532
358621
358997
359117
359137
359331
359489
359585
359709
359972
359972
359972
359972
359972
360029
360170
360170
360170
360170
360170
360369
360474
360485
360505
360813
360815
360815
360815
360815
360815
360936
360989
361072
361082
361092
361178
361332
361332
361332
361332
361332
361348
361348
361348
361348
361348
361439
361439
361439
361439
361439
361497
361497
361497
361497
361497
361530
361530
361530
361530
361530
361673
361762
361849
361923
361982
362000
362018
362166
362266
362266
362266
362266
362266
362522
362559
362859
363240
363256
363256
363256
363256
363256
363405
363510
363579
363806
363865
363865
363865
363865
363865
364078
364365
364365
364365
364365
364365
364524
364780
364823
364823
364823
364823
364823
364881
364937
365189
365189
365189
365189
365189
365365
365751
366229
366496
367038
367277
367377
367780
367899
368094
368253
368457
368457
368457
368457
368457
368489
368489
368489
368489
368489
368635
368812
368812
368812
368812
368812
368918
369197
369300
369403
369504
369528
369652
369966
369966
369966
369966
369966
370153
370218
370297
370564
370607
370749
371442
371780
372429
372499
372499
372499
372499
372499
373448
373448
373448
373448
373448
373525
373896
374067
374067
374067
374067
374067
374293
374399
374734
374774
374865
375073
375224
375255
375279
375286
375341
375598
375666
376008
376116
376353
376368
376485
376570
377236
377359
377417
378489
378524
378524
378524
378524
378524
378610
378610
378610
378610
378610
378725
378782
378826
379032
379225
379533
379592
379734
379876
379992
379992
379992
379992
379992
380121
380157
380348
380348
380348
380348
380348
380646
380933
380953
381155
381179
381333
381645
381674
381776
382201
382476
382526
382769
382955
382955
382955
382955
382955
383082
383285
383285
383285
383285
383285
383694
383699
383874
384126
384269
384269
384269
384269
384269
384303
384552
384589
384866
385125
385171
385177
385232
385275
385365
385789
385817
385973
386073
386116
386643
387070
387070
387070
387070
387070
387071
387302
387398
387498
387498
387498
387498
387498
387770
387770
387770
387770
387770
387858
388048
388575
388874
388930
388954
389168
389168
389168
389168
389168
389217
389347
389364
389369
389830
390025
390134
390348
390674
390677
390719
390824
391248
391459
391487
391620
391917
391917
391917
391917
391917
392003
392195
392208
392650
392767
392931
392960
393227
393227
393227
393227
393227
393597
393623
393623
393623
393623
393623
394045
394152
394582
395121
395218
395218
395218
395218
395218
395232
395232
395232
395232
395232
396033
396033
396033
396033
396033
396053
396220
396225
396428
396610
396704
397052
397077
397154
397274
397274
397274
397274
397274
397289
397396
397396
397396
397396
397396
397400
397445
397477
397553
397553
397553
397553
397553
397563
397886
398000
398020
398528
398529
398633
398756
398835
398927
398927
398927
398927
398927
399209
399209
399209
399209
399209
399500
400233
400251
400380
400380
400380
400380
400380
400450
400592
400592
400592
400592
400592
400673
400953
401093
401262
401324
401324
401324
401324
401324
401519
401633
401671
401708
401894
401894
401894
401894
401894
402102
402374
402731
402755
402866
402958
403039
403113
403366
403436
403497
403552
403838
403975
404110
404127
404189
404293
404347
404773
404773
404773
404773
404773
404931
405473
405703
405703
405703
405703
405703
405923
406042
406169
406169
406169
406169
406169
406342
406650
406809
406857
406857
406857
406857
406857
406897
407767
407874
407940
407987
407987
407987
407987
407987
408083
408510
408543
408702
408702
408702
408702
408702
408882
409441
409532
409612
409612
409612
409612
409612
409893
409944
410067
410160
410292
410785
410785
410785
410785
410785
410871
410980
411109
411109
411109
411109
411109
411202
411336
411440
411761
411844
411900
411900
411900
411900
411900
411932
412366
412438
412479
412628
413015
413015
413015
413015
413015
413187
413187
413187
413187
413187
413237
413265
413373
413742
414032
414229
414316
414367
414367
414367
414367
414367
414612
414794
414794
414794
414794
414794
414974
415042
415312
415312
415312
415312
415312
415352
415445
415762
416100
416336
416635
416685
416848
417076
417207
417232
417483
417483
417483
417483
417483
417486
417804
418054
418824
418870
419211
419546
419653
419653
419653
419653
419653
419992
419992
419992
419992
419992
420062
420110
421232
421232
421232
421232
421232
421321
421721
421978
421978
421978
421978
421978
422320
422364
422367
422367
422367
422367
422367
422498
422885
423326
423326
423326
423326
423326
423452
423824
423866
424161
424161
424161
424161
424161
424277
424459
424487
424499
424499
424499
424499
424499
424531
424577
424676
424676
424676
424676
424676
424883
425054
425547
425684
426094
426240
426270
426500
427096
427107
427107
427107
427107
427107
427250
427272
427298
427767
427767
427767
427767
427767
427778
428144
428581
428876
429264
429374
429385
429502
429700
429700
429700
429700
429700
429750
430009
430087
430181
430328
430630
430763
431356
431473
431473
431473
431473
431473
431563
431658
431770
432267
432275
432320
432343
432423
432998
433228
433228
433228
433228
433228
433531
433531
433531
433531
433531
433533
433607
433644
433644
433644
433644
433644
433768
434023
434126
434194
434304
434304
434304
434304
434304
434569
434828
434955
435188
435318
435358
435411
435411
435411
435411
435411
435936
435989
436174
436391
436391
436391
436391
436391
436437
436437
436437
436437
436437
436482
436510
436510
436525
436525
436525
436525
436525
436565
436752
436767
437115
437368
437399
437399
437399
437399
437399
437443
437474
437506
437613
437613
437613
437613
437613
437727
437817
438137
438137
438137
438137
438137
438221
438221
438221
438221
438221
438445
438505
438539
438796
439033
439126
439280
439723
439817
440137
440615
440705
440746
440810
440810
440810
440810
440810
441113
441113
441113
441113
441113
441187
441225
441225
441225
441225
441225
441282
441346
441716
441716
441716
441716
441716
441896
442333
442568
442614
442633
442633
442633
442633
442633
442688
442969
443237
443284
443541
443871
444348
444366
444366
444366
444366
444366
444397
444397
444397
444397
444397
445234
445415
445488
445488
445488
445488
445488
445585
445585
445585
445585
445585
445763
445837
445864
446271
446928
446928
446928
446928
446928
447032
447044
447048
447048
447048
447048
447048
447181
447385
447541
447897
448161
448219
449121
449210
449368
449384
449765
449830
449934
450077
450130
450258
450258
450316
450357
450491
450557
450565
450570
450604
450871
450890
451089
451089
451089
451089
451089
451242
451551
451734
451846
451915
451944
451944
451944
451944
451944
452281
452350
452577
453055
453221
453321
453353
453569
453575
453575
453575
453575
453575
453585
453611
453641
453805
453872
454152
454176
454176
454176
454176
454176
454284
454340
454435
454524
454586
454633
454913
455052
455416
455475
455498
455589
455956
455999
456140
456272
456272
456272
456272
456272
456311
456311
456311
456311
456311
456505
456505
456544
456544
456544
456544
456544
456590
456842
457216
457216
457216
457216
457216
457292
457316
457610
457879
457879
457879
457879
457879
457945
458188
458484
458513
458539
458539
458539
458539
458539
458604
458699
458699
458699
458699
458699
458846
458916
458933
459029
459074
459107
459358
459906
460075
460075
460075
460075
460075
460227
460246
460246
460246
460246
460246
460254
460322
460471
460516
460559
460993
461058
461116
461282
461461
461510
461510
461510
461510
461510
461778
461899
462020
462058
462058
462058
462058
462058
462102
462250
462250
462250
462250
462250
462330
462390
462565
462752
462840
462989
463001
463011
463442
463442
463442
463442
463442
463673
463770
463975
463975
463975
463975
463975
464010
464031
464031
464031
464031
464031
464261
464331
464331
464331
464331
464331
464373
464579
464684
464695
464963
465028
465101
465182
465277
465299
465344
465344
465344
465344
465344
466169
466294
466320
466540
467488
467488
467488
467488
467488
467578
467869
467871
468271
468404
468533
468667
468812
469216
469310
469310
469310
469310
469310
469363
469570
469863
469865
469874
470069
470252
470278
470351
470410
470410
470410
470410
470410
470415
470477
470797
470944
470950
471000
472302
472302
472302
472302
472302
472349
472360
472685
472768
472886
472948
473062
473089
473425
473425
473425
473425
473425
473510
473510
473510
473510
473510
473573
473773
473861
473930
473930
473930
473930
473930
474201
474328
474480
474892
475005
475005
475005
475005
475005
475411
475462
475683
475690
475693
475902
476504
476594
476639
476659
476806
476806
476806
476806
476806
477006
477126
477310
477328
477461
477593
477744
477898
477898
477898
477898
477898
478257
478284
478390
478411
478635
478877
479000
479144
479560
479565
479860
479962
480045
480291
480291
480291
480291
480291
480545
480550
481350
481369
481369
481369
481369
481369
481476
481633
482008
482008
482008
482008
482008
482082
482185
482208
482222
482222
482222
482222
482222
482318
482318
482318
482318
482318
482876
482975
483098
483316
483436
483629
483708
484004
484075
484185
484356
484362
484489
484579
484696
485632
485632
485632
485632
485632
485803
485854
485891
486082
486106
486106
486106
486106
486106
486266
486680
486760
486803
486855
486964
487148
487264
487316
487546
487550
487550
487550
487550
487550
487738
487738
487738
487738
487738
487757
487757
487757
487757
487757
487794
487799
487799
487799
487799
487799
487967
487967
487967
487967
487967
488017
488479
488576
488630
488709
488709
488709
488709
488709
489077
489077
489077
489077
489077
489540
489570
489613
489836
490483
490714
490783
490783
490783
490783
490783
490797
490884
491434
491844
491934
491951
492058
492223
492335
492737
492751
492890
493030
493095
493210
493240
493708
493903
494100
494223
494312
494468
494468
494468
494468
494468
494486
494675
494702
494908
494908
494908
494908
494908
495189
495230
495264
495506
495679
495765
495765
495765
495765
495765
496262
496378
496407
496440
496540
496869
496965
497161
497414
497662
497706
497706
497706
497706
497706
497831
498057
498228
498278
498627
498648
499040
499371
499632
499712
499778
499786
499786
499786
499786
499786
500011
500013
500058
500263
500546
500862
501391
501391
501391
501391
501391
501401
501650
501881
502011
502011
502174
502599
502697
502870
503092
503231
503653
503777
503873
503957
504059
504120
504223
504227
504266
504345
504347
504380
504664
504793
505063
505314
505423
505539
505560
506231
506231
506231
506231
506231
506281
506405
506463
506476
506491
506553
506663
506663
506663
506663
506663
506761
507119
507163
507467
507467
507467
507467
507467
507583
507583
507583
507583
507583
507612
507631
507631
507631
507631
507631
507815
507950
508046
508340
508406
508905
508911
509078
509078
509078
509078
509078
509113
509214
509429
509629
509680
509767
509794
509813
509837
509837
509837
509837
509837
510074
510170
510170
510170
510170
510170
510214
510258
510443
510554
510590
511461
511461
511461
511461
511461
511516
511758
512036
512036
512036
512036
512036
512217
512400
512697
513041
513163
513361
513361
513361
513361
513361
513466
513505
513521
513537
513580
513677
513677
513677
513677
513677
513722
513731
513786
514029
514043
514043
514043
514043
514043
514102
514102
514102
514102
514102
514235
514274
514274
514274
514274
514274
514536
514565
514808
514808
514808
514808
514808
514862
514862
514862
514862
514862
515406
515439
515838
515930
516000
516094
516107
516107
516107
516107
516107
516436
516505
516589
517734
517808
517824
517853
517853
517853
517853
517853
517904
517904
517904
517904
517904
517985
518004
518004
518004
518004
518004
518466
518734
518737
518750
518826
518826
518826
518826
518826
518839
518839
518839
518839
518839
518916
518916
518916
518916
518916
518996
519064
519156
519216
519397
519501
520018
520023
520080
520496
520535
520737
520910
521118
521203
521533
521566
521596
521895
522229
522591
523178
523426
523671
523671
523671
523671
523671
523798
524206
524644
524886
524886
524886
524886
524886
524932
525182
525530
525926
526090
526118
526118
526118
526118
526118
526250
526250
526250
526250
526250
526401
526588
526956
527007
527007
527007
527007
527007
527109
527115
527177
527370
527613
527736
527803
528193
528301
528313
528511
528640
528640
528640
528640
528640
528801
529035
529095
529133
529240
529494
529755
529828
530117
530151
530459
530631
530753
531024
531115
531375
531629
531641
532000
532276
532644
532813
532939
533273
533449
533563
533705
533742
533959
533959
533959
533959
533959
534155
534236
534636
534673
534713
534741
535188
535265
535265
535265
535265
535265
535323
535646
535646
535646
535646
535646
536595
536652
536741
536879
536879
536879
536879
536879
536883
536895
537085
537108
537108
537108
537108
537108
537185
537737
537827
538027
538027
538027
538027
538027
538100
538172
538253
538530
538617
538641
538801
538801
538801
538801
538801
538822
538863
538913
539167
539367
539547
539589
539994
539994
539994
539994
539994
540060
540060
540060
540060
540060
540220
540616
540989
540989
540989
540989
540989
541059
541059
541059
541059
541059
541168
541214
541258
542039
542128
542178
542299
542299
542299
542299
542299
542403
542460
542641
542641
542641
542641
542641
542642
542666
542906
542924
543096
543137
544099
544099
544099
544099
544099
544319
544319
544319
544319
544319
544323
544398
544502
545266
545306
545322
545490
545502
545655
546002
546091
546126
546405
546491
546491
546491
546491
546491
546837
547081
547209
547223
547348
547437
547667
547686
547769
548089
548381
548475
548792
549074
549168
549286
549304
549351
549362
549889
550229
550320
550527
550801
550838
550838
550838
550838
550838
550854
551006
551119
551121
551144
551201
551776
551776
551776
551776
551776
552030
552084
552277
552277
552277
552277
552277
552280
552465
552487
553050
553280
553311
553317
553434
553484
553854
554010
554032
554713
554728
554756
555054
555054
555054
555054
555054
555221
555385
555537
555586
555665
555706
555869
555955
556007
556127
556131
556131
556131
556131
556131
556191
556264
556582
556614
556874
557795
558008
558066
558136
558136
558136
558136
558136
558438
558609
558714
559467
559744
559971
559971
559971
559971
559971
560027
560198
560241
560430
560480
560602
560910
560951
561246
561246
561246
561246
561246
561286
561346
561349
561438
561525
561546
561851
561927
562062
562181
562334
562334
562334
562334
562334
562414
562428
562581
562608
562608
562608
562608
562608
562610
562715
563252
563303
563346
563842
564492
564492
564492
564492
564492
564650
565208
565208
565208
565208
565208
565265
565316
565391
565431
565570
566006
566061
566964
567180
567296
567994
568140
568140
568140
568140
568140
568190
568205
568319
568605
568663
568934
569320
569320
569320
569320
569320
569420
569420
569420
569420
569420
569472
569501
569621
570201
570201
570201
570201
570201
570625
570625
570625
570625
570625
570893
570994
571235
571445
571445
571445
571445
571445
571551
571683
571734
572015
572018
572382
572382
572382
572382
572382
572478
572627
572627
572954
573574
573574
573574
573574
573574
573603
574096
574611
574619
574664
575122
575141
575322
575322
575322
575322
575322
575566
575851
575871
576160
576255
576255
576255
576255
576255
576257
576257
576257
576257
576257
576641
576844
576900
576912
577003
577137
577403
577502
577502
577502
577502
577502
577616
577957
578038
578259
578259
578259
578259
578259
578430
578636
578674
578694
579232
579325
579856
579889
580073
580173
580267
580775
580963
580963
580963
580963
580963
581085
581165
581194
581266
581435
581597
581597
581597
581597
581597
581679
581758
581758
581758
581758
581758
581876
582037
582648
582816
582952
583006
583295
583512
583565
583692
584129
585127
585179
585213
585229
585229
585229
585229
585229
585324
585556
585639
585656
585656
585656
585656
585656
585715
585801
585853
586072
587276
587276
587276
587276
587276
587535
587535
587535
587535
587535
587560
587787
587837
588049
588093
588125
588372
588372
588372
588372
588372
588624
588779
589365
589407
589472
589748
589748
589748
589748
589748
590013
590224
590286
590448
590448
590448
590448
590448
590608
590628
590692
590692
590692
590692
590692
590865
590877
590877
590877
590877
590877
591097
591151
591313
591328
591451
591451
591451
591451
591451
591516
591561
591763
591769
591809
592287
592462
592939
593076
593586
593665
593699
593741
593781
594212
594427
594613
594645
594745
595106
595106
595106
595106
595106
595504
595639
595660
595660
595660
595660
595660
595977
596063
596458
596467
596593
596839
596885
597063
597090
597249
597302
597467
597557
597622
597720
597969
598208
598337
598448
598448
598448
598448
598448
598899
599327
599333
599727
599888
599888
599888
599888
599888
599992
600294
600387
600655
600669
600669
600669
600669
600669
600724
601570
601570
601570
601570
601570
601657
602230
602230
602230
602230
602230
602245
602338
602340
602473
603060
603654
603770
604095
604368
604631
605130
605130
605130
605130
605130
605169
605197
605562
605641
606081
606245
606282
606313
606322
606403
606427
607021
607061
607099
607433
607523
607564
607564
607564
607564
607564
607661
607971
608150
608153
608223
608296
608333
608333
608333
608333
608333
608498
608566
609148
609201
609245
609333
609333
609333
609333
609333
609750
610051
610221
610409
610409
610409
610409
610409
610413
610549
610549
610549
610549
610549
610706
610706
610706
610706
610706
610746
610772
610772
610772
610772
610772
610869
610872
611498
611621
611745
611862
611876
612106
612124
612540
612648
612735
612799
613082
613082
613082
613082
613082
613476
613573
613786
613792
614064
614156
614223
614290
614681
614925
614942
614999
614999
614999
614999
614999
615204
615782
615898
615910
617101
617279
617910
618185
618293
618343
618398
618408
618478
618478
618478
618478
618478
618852
618857
618857
618857
618857
618857
618936
619066
619289
619403
619444
619647
619944
619944
619944
619944
619944
620063
620801
620804
620939
620949
620949
620949
620949
620949
620990
621059
621131
621180
621183
621212
621504
621742
621840
622046
622072
622215
622215
622215
622215
622215
622447
622935
622978
623122
623787
624017
624078
624178
624385
624461
624608
625350
625445
625511
625629
625631
625823
626055
626408
626538
626655
626655
626655
626655
626655
626738
626741
626767
626963
627011
627011
627011
627011
627011
627015
627074
627204
627223
627317
627375
627679
627897
627897
627897
627897
627897
627988
627991
628024
628190
628313
628313
628313
628313
628313
628469
628538
628538
628538
628538
628538
628633
628680
629061
629119
629158
629276
629424
629424
629424
629424
629424
629666
629774
629861
630079
630081
630127
630179
630616
630639
630639
630639
630639
630639
630680
630872
631079
631331
631574
631716
631827
632028
632088
632168
632179
632233
632507
632840
632912
632937
633055
633124
633247
633247
633247
633247
633247
633358
633486
633710
633767
633973
633973
633973
633973
633973
634291
634309
634405
634425
635264
635651
635764
635764
635764
635764
635764
636001
636185
636829
636829
636829
636829
636829
636948
637034
637097
637334
637412
637713
637795
638013
638140
638373
638449
638562
638596
638840
639082
639114
639284
639309
639350
639500
639500
639500
639500
639500
640029
640029
640029
640029
640029
640687
640698
640698
640698
640698
640698
640814
641019
641080
641080
641080
641080
641080
641125
641791
642282
642293
642334
642388
642402
642523
642525
642567
642946
643298
643307
643324
643528
643535
643612
643851
643970
643970
643970
643970
643970
644216
644455
644635
644635
644635
644635
644635
644699
644777
644778
644778
644778
644778
644778
644950
645027
645075
646006
646400
646477
646733
647738
647798
647950
647950
647950
647950
647950
648272
648272
648272
648272
648272
648548
648683
648683
648683
648683
648683
648697
648921
648974
649276
649438
649438
649438
649438
649438
649506
649554
649554
649554
649554
649554
649678
649877
649877
649877
649877
649877
649880
649880
649880
649880
649880
650024
650052
650409
650425
650542
650549
650873
650918
651041
651164
651209
651209
651209
651209
651209
651285
651403
651496
651760
651797
651874
652151
652175
652387
652387
652387
652387
652387
652518
652764
652958
653319
653855
653855
653855
653855
653855
653865
654142
654603
654673
654694
654694
654694
654694
654694
654749
654749
654749
654749
654749
654774
654959
654959
654959
654959
654959
654982
655051
655689
655763
655859
655881
656623
656918
657034
657257
657285
657473
657651
657890
657913
657948
658032
658175
658457
658491
658514
658598
658607
658746
658746
658746
658746
658746
658778
658937
658997
659022
659267
659368
659418
659721
659914
660089
660617
660965
660999
661005
661005
661005
661005
661005
661225
661225
661225
661225
661225
661254
661576
661821
662133
662160
662231
662498
662592
662862
663209
663603
663791
663798
664011
664157
664369
664491
664858
665500
665588
665588
665588
665588
665588
665601
666073
666073
666073
666073
666073
666118
666174
666174
666174
666174
666174
666189
666451
666623
666623
666623
666623
666623
666772
666865
666878
666904
667022
667022
667022
667022
667022
667175
667175
667175
667175
667175
667229
667260
667420
667420
667420
667420
667420
667762
668018
668125
668125
668125
668125
668125
668206
668281
668369
668392
668769
668844
668946
668996
669048
669067
669218
669637
669867
670076
670309
670446
670446
670446
670446
670446
670476
670476
670476
670476
670476
670652
671054
671054
671054
671054
671054
671145
671145
671145
671145
671145
671190
671192
671520
671785
672121
672541
672613
672640
672640
672640
672640
672640
672658
672658
672658
672658
672658
672895
673295
673423
673483
673512
673551
673636
673767
673801
673827
673855
674468
674505
674556
674703
674753
674803
675027
675027
675027
675027
675027
675670
675742
675764
675904
675972
676049
676195
676195
676195
676195
676195
676395
676459
676459
676459
676459
676459
676656
676831
676847
676947
677011
677212
677235
677485
677507
677657
677793
678131
678157
678232
678279
678452
678505
678880
678957
679051
679395
679705
679975
680344
680351
680487
680529
680901
681102
681344
681390
681918
682920
683013
683029
683029
683029
683029
683029
683310
683410
683472
683497
683706
683714
683726
684214
684525
684630
684642
684667
684836
685022
685199
685346
685431
685433
685783
685862
685893
686304
686425
686505
686517
686536
686536
686536
686536
686536
686557
686901
687101
687101
687101
687101
687101
687161
687246
687261
687379
687680
688130
688130
688268
688464
688474
688565
688717
688919
688999
688999
688999
688999
688999
689013
689107
689149
689496
689610
689665
689767
689767
689767
689767
689767
689972
690069
690089
690148
690148
690148
690148
690148
690167
690243
690243
690243
690243
690243
690323
690586
690586
690586
690586
690586
690973
691125
691125
691125
691125
691125
691375
691465
691781
691837
691837
691837
691837
691837
691974
692216
692312
692704
693020
693022
693080
693151
693207
693861
694019
694019
694019
694019
694019
694153
694237
694237
694237
694237
694237
694505
694792
694824
694824
694824
694824
694824
694836
694865
695159
695159
695159
695159
695159
695386
695432
695648
695945
696059
696059
696059
696059
696059
696159
696237
696237
696237
696237
696237
696272
696340
696340
696340
696340
696340
696505
696628
696708
696719
696722
696963
697147
697243
697315
697559
697612
698120
698120
698120
698120
698120
698153
698205
698240
698240
698240
698240
698240
698304
698437
698620
698685
698702
698887
698888
699082
699203
699399
699399
699399
699399
699399
699618
699838
699838
699838
699838
699838
699903
700099
700108
700796
700799
700799
700799
700799
700799
700823
700869
701087
701569
701595
701618
701645
701798
701853
701895
701908
701941
701942
702053
702451
703263
703263
703263
703263
703263
703324
704130
704148
704175
704535
704549
704549
704549
704549
704549
704796
704796
704796
704796
704796
704843
704943
704983
705108
705108
705108
705108
705108
705186
705286
705336
705366
705477
705547
705826
705909
706168
706168
706168
706168
706168
706639
707066
707252
707259
707259
707259
707259
707259
707374
707393
707394
707923
708229
708286
708290
708290
708290
708290
708290
708605
708656
708737
708787
709190
709544
709551
709805
709951
710240
710241
710602
710793
710934
710985
711248
711505
711608
711809
711885
712059
712256
712895
712895
712895
712895
712895
713020
713020
713020
713020
713020
713128
713128
713128
713128
713128
713170
713280
713647
713647
713647
713647
713647
713656
713660
713769
713775
713806
714159
714240
714596
714596
714596
714596
714596
714754
715015
715344
715388
715388
715388
715388
715388
715462
715478
715583
715666
715748
715954
716040
716081
716391
716463
716542
716723
716860
716879
717428
717428
717428
717428
717428
717691
717844
718304
718304
718304
718304
718304
718402
718835
718937
718967
719053
719178
719178
719178
719178
719178
719444
719578
719578
719578
719578
719578
719758
719763
719954
720410
720685
720685
720685
720685
720685
720937
720987
721218
721299
721310
721560
721869
721927
721927
722054
722075
722207
722268
723439
723498
723498
723498
723498
723498
723637
723646
723759
723890
724204
724270
724529
724707
724848
724848
724848
724848
724848
725067
725200
725209
725209
725209
725209
725209
725300
725342
725630
725697
725697
725697
725697
725697
725730
725957
726077
726168
726418
726457
726597
726677
726693
726693
726693
726693
726693
726726
726726
726726
726726
726726
726802
726802
726802
726802
726802
727020
727218
727249
727350
727654
727654
727654
727654
727654
728035
728080
728080
728080
728080
728080
728321
728413
728413
728413
728413
728413
728438
728441
728550
728600
728764
728764
728764
728764
728764
729046
729276
729462
729586
729819
729819
729819
729819
729819
729894
729927
730176
730176
730176
730176
730176
730440
730492
730590
730590
730590
730590
730590
731491
731535
731545
731567
731602
731774
731979
732345
732345
732345
732345
732345
732753
732770
733086
733324
733438
733571
733792
733792
733792
733792
733792
733845
734147
734723
734838
735065
735116
735481
735481
735481
735481
735481
735541
735726
735759
735948
736238
736487
736488
736508
736527
736562
736776
736994
737036
737036
737036
737036
737036
737156
737156
737156
737156
737156
737168
737316
737341
737341
737341
737341
737341
737475
737604
737854
737979
737999
738318
738517
738606
738642
738744
739021
739027
739099
739099
739099
739099
739099
739232
739473
739532
739645
739645
739645
739645
739645
739789
739972
740559
740693
741013
741013
741013
741013
741013
741131
741599
741675
741675
741675
741675
741675
741727
741727
741727
741727
741727
741775
742654
742912
743253
743361
743439
743625
743638
743871
743873
743896
744189
744229
744229
744229
744229
744229
744724
744923
745116
745241
745339
745374
745374
745374
745374
745374
745659
746099
746569
746569
746569
746569
746569
746689
746868
746868
746868
746868
746868
746871
747391
747959
748227
748232
748528
748558
748705
749038
749038
749038
749038
749038
749095
749162
749220
749309
749374
749374
749374
749374
749374
749493
749567
749570
749690
749771
750001
750036
750089
750364
750364
750364
750364
750364
750656
750656
750656
750656
750656
750682
750682
750682
750682
750682
751143
751347
751539
751593
751778
752000
752064
752362
752461
752461
752461
752461
752461
752504
752813
753371
753607
753933
753939
754238
754430
754464
755077
755374
755874
756176
756649
756649
756649
756649
756649
756741
756897
757273
757414
757612
757641
757736
757736
757736
757736
757736
757849
757849
757849
757849
757849
758000
758449
758498
758709
758965
759204
759444
759528
759585
759815
759815
759815
759815
759815
759855
759943
760254
760471
760616
760907
760948
760996
761367
761424
761616
761637
761770
761884
761884
761884
761884
761884
762538
762609
762609
762609
762609
762609
762978
763451
763696
763737
763850
764011
764151
764637
764637
764637
764637
764637
764973
764990
765020
765102
765143
765160
765168
766026
766139
766637
766736
766736
766736
766736
766736
766824
766939
767159
767208
767346
767346
767346
767346
767346
767573
767683
767721
767739
767813
767920
768165
768277
768303
768339
768340
768340
768340
768340
768340
768449
768492
768808
768941
769124
769351
769433
769433
769433
769433
769433
769465
769576
770020
770051
770310
770312
770506
770506
770506
770506
770506
770617
770807
770923
770923
770923
770923
770923
771297
771322
771975
772065
772118
772171
772299
772384
772633
772743
772743
772743
772743
772743
773174
773265
773562
773577
773577
773577
773577
773577
773746
773842
773987
774325
774412
774559
774668
775300
775377
775377
775377
775377
775377
775460
775608
776114
776138
776209
776278
776370
776613
776694
776765
776784
777171
777180
777325
777459
777491
777537
777537
777537
777537
777537
777770
777770
777770
777770
777770
777846
777896
778034
778034
778034
778034
778034
778262
778386
778386
778386
778386
778386
778436
778655
778655
778655
778655
778655
778872
778995
779057
779204
779368
779368
779368
779368
779368
779372
779711
779967
780286
780311
780523
780595
780595
780595
780595
780595
780710
780735
781105
781207
781315
781319
781319
781319
781319
781319
781570
781570
781570
781570
781570
781605
781605
781605
781605
781605
781643
781727
781960
782253
782664
782880
782880
782880
782880
782880
782969
783386
783386
783386
783386
783386
783520
783779
783812
784076
784186
784727
785033
785079
785123
785416
785541
785544
786007
786079
786194
786201
786269
786280
786429
786486
786648
786662
786678
786749
786811
787527
787628
787933
787933
787933
787933
787933
787940
788630
788631
788631
788631
788631
788631
789363
789363
789363
789363
789363
789415
789429
789429
789429
789429
789429
789529
789868
789966
790336
790336
790336
790336
790336
790399
790518
790619
790619
790619
790619
790619
790742
790898
791093
791184
791184
791184
791184
791184
791471
791476
791668
791741
791821
791821
791821
791821
791821
792036
792068
792167
792334
792379
792379
792379
792379
792379
792388
792700
792862
792862
792862
792862
792862
793262
793262
793262
793262
793262
793317
793333
793333
793333
793333
793333
794065
794148
794148
794148
794148
794148
794833
794839
795351
795614
795680
795680
795680
795680
795680
795880
795917
795917
795917
795917
795917
795962
796494
796827
797093
797129
797170
797170
797170
797170
797170
797289
797535
797567
797645
797778
797802
798381
798863
798917
798950
799155
799155
799155
799155
799155
799476
799483
799515
799550
800286
800295
800368
800503
800645
800707
800734
800825
801055
801083
801322
801691
801691
801691
801691
801691
802057
802057
802057
802057
802057
802258
802284
802396
802593
802627
802867
802968
803349
803349
803349
803349
803349
803568
803568
803568
803568
803568
803805
804073
804173
804655
804717
804783
804802
805101
805278
805288
805458
805528
805528
805528
805528
805528
805632
805677
805862
805864
806294
806458
806458
806458
806458
806458
806532
806686
806785
806785
806785
806785
806785
806819
806892
806929
807199
807573
807573
807573
807573
807573
807575
807575
807575
807575
807575
807642
807902
808007
808162
808183
808233
808260
809215
809330
809399
809399
809399
809399
809399
809575
809645
809645
809645
809645
809645
809752
809848
809921
809944
810098
810244
810389
810389
810389
810389
810389
810491
810736
810736
810736
810736
810736
810816
810995
810995
810995
810995
810995
811040
811100
811189
811218
811804
811992
812131
812131
812131
812131
812131
812271
812491
812937
812937
812937
812937
812937
813171
813236
813273
813796
813884
814228
814234
814431
814481
814523
814666
815115
815303
815332
816172
816573
816738
816788
816788
816889
817031
817540
817719
817785
817857
817857
817857
817857
817857
818010
818202
818359
819134
819343
819343
819343
819343
819343
819629
819781
819781
819781
819781
819781
820153
820248
820326
820354
820476
820557
820861
820982
821286
821410
821545
821840
822002
822182
822182
822182
822182
822182
822198
822433
822443
822443
822443
822443
822443
822655
822817
823048
823048
823048
823048
823048
823074
823224
823411
823460
823479
824031
824269
824306
824566
824654
824819
824824
824831
824907
824921
825138
825197
825225
825327
825373
825373
825373
825373
825373
826417
826591
826632
827128
827270
827436
827559
827788
827817
828204
828261
828428
828575
828613
828741
828937
828937
828937
828937
828937
829290
829312
829339
829349
829366
829951
829985
830124
830270
830270
830270
830270
830270
830455
830491
830491
830491
830491
830491
830580
830704
830846
830846
830846
830846
830846
830963
831021
831121
831121
831121
831121
831121
831340
831481
831525
831678
831742
832055
832055
832055
832055
832055
832374
832374
832374
832374
832374
832395
832475
832624
832720
832819
832873
833042
833042
833042
833042
833042
833262
833517
833545
833604
833604
833604
833604
833604
833622
833622
833622
833622
833622
833780
833823
833909
833947
834007
834306
834499
834760
834826
834839
835302
835339
835339
835339
835339
835339
835427
835473
835737
835737
835737
835737
835737
836043
836129
836129
836129
836129
836129
836593
836593
836593
836593
836593
836862
837172
837315
837385
837438
837619
838118
838514
838818
839241
839254
839441
839735
839775
839804
840277
840398
840585
840665
840844
841206
841385
841399
841535
841665
841754
841890
841943
841957
842003
842286
842428
842543
842747
842796
842812
842954
842959
842960
842983
842983
842983
842983
842983
843024
843076
843457
843602
843668
843668
843668
843668
843668
843751
844132
844362
844362
844362
844362
844362
844617
844676
844970
845147
845248
845415
845760
845798
845885
845993
846303
846303
846303
846303
846303
846515
846519
846843
847174
847276
847359
847517
848070
848075
848174
848278
848530
848533
848705
848746
848872
848973
849243
849363
849562
849637
849848
849933
849959
850019
850019
850019
850019
850019
851213
851214
851246
851256
851276
851497
851650
851837
851837
851837
851837
851837
852226
852226
852226
852226
852226
852666
852771
852943
853118
853365
853690
853733
853733
853733
853733
853733
853740
853740
853740
853740
853740
853765
853823
854086
854086
854345
854368
854369
854913
854946
854971
855005
855436
855557
855557
855557
855557
855557
855695
855781
855795
855972
856095
856250
856549
856759
856840
856993
857103
857241
857396
857481
857649
857719
857719
857719
857719
857719
859039
859039
859039
859039
859039
859263
859394
859429
859501
859524
859665
859665
859665
859665
859665
859742
859880
859972
860002
860017
860071
860281
860320
860505
860523
860543
860776
860825
860992
861047
861083
861161
861489
861489
861489
861489
861489
861533
861798
861859
861859
861859
861859
861859
861877
861907
861990
862415
862579
862750
862948
863091
863094
863158
863188
863344
863440
863584
863830
863898
864171
864333
864382
864562
864882
864944
865086
865306
865564
865713
866414
866463
866553
866646
866646
866646
866646
866646
867047
867138
867138
867138
867138
867138
867200
867607
867607
867607
867607
867607
867697
867697
867697
867697
867697
867994
867994
867994
867994
867994
868439
868448
868448
868448
868448
868448
868456
868645
868710
868775
868775
868775
868775
868775
868791
868791
868791
868791
868791
869029
869230
869302
869302
869302
869302
869302
869500
869761
869934
870196
870361
870447
870502
870502
870502
870502
870502
870738
870738
870738
870738
870738
870794
870904
870926
871057
871057
871057
871057
871057
871142
871269
871269
871269
871269
871269
871283
871535
871535
871535
871535
871535
871970
871970
871970
871970
871970
871993
872254
872905
873643
873844
874183
874270
874270
874270
874270
874270
874669
875310
875405
875642
875642
875642
875642
875642
875833
875863
875940
875947
876081
876196
876543
876840
876843
877004
877235
877257
877281
877398
877431
877476
877498
877498
877498
877498
877498
877625
877663
877663
877663
877663
877663
877981
877992
878185
878229
878229
878229
878229
878229
878239
878671
879166
879166
879166
879166
879166
879972
880541
881043
881062
881096
881096
881096
881096
881096
881175
881678
881694
881843
882179
882232
882272
882286
882369
882444
882519
882551
882819
883042
883042
883042
883042
883042
883117
883154
883161
883366
883445
883672
883704
883738
883873
883897
883924
883952
883952
883952
883952
883952
884058
884320
884632
884692
884692
884692
884692
884692
884803
885103
885122
885125
885189
885195
885372
885514
885563
885628
885692
885729
885729
885729
885729
885729
885939
886491
886582
886645
886801
886820
886914
887712
887999
888561
888861
888876
888900
888940
889077
889108
889140
889183
889183
889183
889183
889183
889325
889325
889325
889325
889325
889386
889823
889823
889823
889823
889823
890164
890246
890246
890246
890246
890246
890446
890537
890659
890732
890951
891000
891000
891000
891000
891000
891246
891321
891321
891321
891321
891321
891437
891587
891588
891672
891838
891838
891838
891838
891838
891851
891851
891851
891851
891851
891881
891905
891954
892069
892147
892147
892147
892147
892147
892315
892658
892678
893159
893307
893559
893634
894126
894232
894315
894348
894633
895186
895350
895350
895350
895350
895350
895809
895809
895809
895809
895809
895845
895924
895971
895971
895971
895971
895971
896091
896142
896195
896207
896273
896450
897079
897087
897116
897118
897118
897118
897118
897118
897144
897237
897237
897237
897237
897237
897345
897345
897345
897345
897345
897690
897755
897789
898037
898040
898104
898192
898506
898506
898506
898506
898506
898539
898644
898656
899117
899223
899283
899309
899491
899680
900338
900427
900613
900705
901012
901119
901124
901293
901439
901484
901688
901688
901688
901688
901688
901800
901800
901800
901800
901800
902176
902214
902214
902214
902214
902214
902565
902612
902964
903096
903184
903184
903184
903184
903184
903193
903221
903395
903395
903395
903395
903395
903508
903508
903508
903508
903508
903564
903592
903592
903592
903592
903592
903758
904225
904265
904278
904278
904278
904278
904278
904456
904561
904584
904785
904785
904785
904785
904785
904937
904940
905137
905264
905264
905264
905264
905264
905411
905420
905461
905461
905461
905461
905461
905835
905837
905878
905978
906169
906169
906169
906169
906169
906257
906871
906871
906871
906871
906871
907274
907434
907727
907945
908331
908563
908563
908563
908563
908563
908669
908908
909504
909643
909763
909763
909763
909763
909763
909813
910074
910769
910898
910902
910902
910902
910902
910902
911555
911612
911619
911774
911777
911807
911807
911807
911807
911807
911929
911929
911929
911929
911929
912235
912358
912526
912543
912692
912800
912800
912800
912800
912800
912890
912890
912890
912890
912890
913042
913042
913042
913042
913042
913068
913489
913851
914304
914304
914304
914304
914304
914442
914538
914538
914538
914538
914538
914549
914583
914684
914684
914684
914684
914684
914845
914901
915004
915026
915115
915132
915337
915353
915359
915826
916220
916277
916542
916542
916542
916542
916542
916575
917074
917087
917310
917447
917513
917513
917513
917513
917513
917521
917742
918233
918382
918544
918756
919248
919248
919248
919248
919248
919537
919634
919858
919932
920149
920340
920381
920555
920555
920555
920555
920555
920659
920818
920818
920818
920818
920818
920886
920886
920886
920886
920886
920903
920985
921219
921485
921485
921485
921485
921485
921608
921648
921669
921720
921788
921788
921788
921788
921788
922067
922294
922399
922905
923146
923216
923280
923289
923611
923679
923853
924110
924110
924110
924110
924110
924560
924614
924617
924651
924752
924752
924752
924752
924752
925036
925036
925036
925036
925036
925060
925190
925271
925446
925527
925971
926462
926742
927012
927484
927484
927484
927484
927484
928161
928161
928161
928161
928161
928164
928220
928220
928220
928220
928220
928352
928352
928352
928352
928352
928497
928592
928733
928741
928900
929448
929641
929868
929941
929958
929968
929991
929997
930245
930259
930304
930406
930998
931454
931454
931454
931454
931454
931576
931797
931797
931797
931797
931797
931880
931904
931998
931998
931998
931998
931998
932142
932363
932367
932367
932367
932367
932367
932492
932577
932803
932803
932803
932803
932803
932816
932816
932816
932816
932816
933022
933082
933196
933440
933440
933440
933440
933440
934013
934214
934241
934241
934241
934241
934241
934259
934429
934527
934915
935268
935404
935419
935446
935457
935487
935547
935547
935547
935547
935547
935642
935842
936245
936338
936372
936475
936705
937088
937088
937088
937088
937088
937219
937249
937386
937386
937386
937386
937386
937434
937488
937488
937488
937488
937488
938068
938401
938571
938672
939070
939099
939972
940106
940207
940226
940299
940299
940299
940299
940299
940959
941126
941171
941241
941241
941241
941241
941241
941267
941267
941267
941267
941267
941530
941530
941530
941530
941530
941556
941772
941781
941781
941781
941781
941781
941802
941802
941802
941802
941802
941838
942173
942548
942548
942548
942548
942548
942674
942836
943039
943357
943384
943419
943419
943419
943419
943419
943428
943466
943469
943628
943628
943628
943628
943628
943717
943773
943814
943815
943819
943986
943993
944210
944255
944255
944255
944255
944255
944411
944429
944627
944663
944806
944870
945263
945322
945391
945412
945898
946158
946623
946798
947128
947372
947394
947763
947813
947958
947958
947958
947958
947958
947979
947995
948073
948667
948931
948948
948948
948948
948948
948948
949105
949241
949622
949667
949675
949757
949875
949875
949875
949875
949875
949922
950022
950170
950475
950484
950484
950484
950484
950484
950495
950528
950561
950634
950641
950671
950807
950844
950844
950844
950844
950844
951051
951051
951167
951167
951264
951283
951429
951499
951655
951772
951835
952429
952455
952612
952906
953212
953343
953417
953639
953914
954071
954101
954152
954428
954585
954609
954690
954691
954691
954691
954691
954691
954825
955245
955245
955245
955245
955245
955283
955283
955283
955283
955283
955293
955293
955401
955466
955670
955755
955755
955755
955755
955755
956090
956326
956437
956603
956887
957082
957107
957221
957275
957466
957525
957999
958050
958050
958050
958050
958050
958426
958536
958559
958583
958903
958913
958926
959105
959392
959392
959392
959392
959392
959402
959473
959635
959879
959991
960019
960019
960019
960019
960019
960039
960370
960451
960678
961258
961258
961258
961258
961258
961281
961443
961465
961498
961752
961896
961909
962091
962509
962509
962509
962509
962509
963231
963599
963926
964071
964071
964071
964071
964071
964269
964543
964736
964741
964924
964924
964924
964924
964924
964991
965045
965159
965537
965590
965614
966289
966290
966301
966601
966712
966747
966829
966889
966919
966919
966919
966919
966919
966981
966984
967012
967094
967197
967240
967398
967651
967679
967708
968134
968284
968284
968284
968284
968284
968441
968700
969113
969113
969113
969113
969113
969162
969162
969162
969162
969162
969719
969778
970089
970114
970146
970198
970237
970237
970237
970237
970237
970772
970917
971151
971151
971151
971151
971151
971244
971308
971311
971379
971630
971630
971630
971630
971630
971880
971880
971880
971880
971880
972119
972323
972585
972823
972833
972978
973070
973127
973182
973617
973692
973990
974201
974337
974364
974364
974364
974364
974364
974407
974407
974407
974407
974407
974651
974921
974921
974921
974921
974921
974948
974948
974948
974948
974948
975102
975206
975331
975571
975711
975816
975831
975882
976078
976194
976405
976590
976947
977005
977053
977169
977478
977478
977478
977478
977478
977672
977672
977672
977672
977672
977683
977683
977683
977683
977683
977707
977743
977909
977947
978166
978226
978298
978517
978609
978822
979410
979410
979410
979410
979410
979436
979481
979635
979863
979863
979863
979863
979863
979989
980490
980783
980783
980783
980783
980783
981344
981408
981408
981408
981408
981408
981436
981672
981833
982026
982131
982131
982131
982131
982131
982240
982451
982692
982769
983139
983143
983233
983849
983849
983849
983849
983849
983996
984053
984160
984160
984160
984160
984160
984635
984635
984635
984635
984635
984712
984989
985088
985131
985131
985131
985131
985131
985659
986045
986045
986045
986045
986045
986099
986257
986391
986532
986532
986532
986532
986532
986673
986679
986825
987011
987011
987011
987011
987011
987208
987264
987477
987831
987932
988203
988203
988203
988203
988203
988287
988459
988590
988708
988856
988856
988856
988856
988856
989062
989410
989424
989424
989424
989424
989424
989436
989436
989436
989436
989436
989549
989742
989826
989826
989826
989826
989826
990060
990141
990581
990581
990718
990718
990718
990718
990718
990956
991110
991110
991110
991110
991110
991258
991301
991347
991483
991896
991960
991960
991960
991960
991960
991988
992057
992205
992325
992523
992593
992616
992796
992875
993175
993175
993175
993175
993175
993219
993219
993219
993219
993219
993585
993607
993676
993966
994141
994286
994391
994591
994950
994986
995177
995177
995177
995177
995177
995326
995400
995400
995400
995400
995400
995530
995885
995955
995982
995992
996117
996359
996359
996359
996359
996359
996413
996439
996644
996699
996922
997515
997634
997679
997679
997679
997679
997679
997854
997974
998201
998627
998977
998977
998977
998977
998977
999014
999096
999232
999353
999503
999503
999503
999503
999503
999521
999657
999712
999712
999712
999712
999712
999841
999936
