41585
26637
12545
46870
88384
19941
712
78598
70418
15546
61683
31673
78131
73143
14764
73397
90506
75128
8921
95036
64995
28458
23225
97790
67358
29071
28062
63662
29491
44765
21089
3442
39487
60134
33638
28853
3696
61618
46093
96855
88170
75720
93874
93924
85011
66412
85762
27649
96609
39874
27834
51362
77118
67185
10813
85625
51989
85154
24658
40874
79612
67943
73304
48634
70301
32345
96359
24805
32355
13786
95237
87662
80925
56314
1793
68209
69490
43988
26735
21653
15746
41208
52961
66685
2165
64548
46494
71485
86082
69547
96225
39306
98782
51320
81489
87786
89119
73675
99960
69995
99787
45985
7075
94959
10434
71667
19381
56261
90501
40501
68296
2195
71201
19295
7329
64591
38428
89672
81934
40941
22107
56525
13567
46707
32941
65586
74207
29512
5400
11199
30733
78058
67262
96972
36475
96991
92939
47191
54690
87172
12414
75858
74176
32353
33394
72986
84080
40413
4935
38625
20772
97198
28498
42253
51296
96872
81406
20506
54902
52375
20925
24058
97018
51048
91663
34141
35362
86145
77197
70380
98620
30641
82547
46638
9068
53570
27720
84654
87712
53835
62603
21204
21073
35970
22747
63151
53080
17775
803
97940
92427
47035
37633
40480
50195
40999
72722
88665
52043
78105
36955
26451
29623
80850
40694
99727
47359
96155
34135
26750
13990
29469
17658
18243
52459
75311
82316
82390
67547
72170
81138
34244
78097
61369
24345
89332
68076
92268
4379
32069
23403
24844
83243
3859
3367
40201
55357
95416
37549
76238
69365
62991
95863
38038
78090
61971
31461
87224
68279
68102
7357
67102
37694
85070
21917
37556
22553
33562
40633
98907
29951
66883
14357
24221
56526
66189
44032
88155
44827
54637
40267
26689
55188
13028
38981
71067
70350
3241
13428
67874
81520
10788
27986
19407
54939
72247
11554
3088
9204
21687
99885
26456
81296
36728
35710
13296
89627
14056
36918
64395
92260
62961
52780
14488
22185
60802
57829
76048
43674
36391
26187
44175
58701
30548
31566
90112
13566
62113
96020
35505
14912
19279
21310
17958
9220
68713
9272
11081
17796
60550
2556
57215
60077
54954
94533
57461
1447
95564
34155
52409
87491
25458
43903
49798
39136
56217
3012
45911
73305
62417
48456
64700
33742
29573
32926
95210
95982
20792
23962
12301
92254
45739
75912
2457
49288
42715
93641
62078
47971
78343
23178
9850
65371
75439
22819
92264
4157
96216
93226
67510
514
63244
37265
32596
21141
57598
65090
62472
75394
8619
44821
94111
40892
52156
97900
91454
92747
24776
16172
93302
72145
8374
20472
1942
33144
17472
22475
16506
99962
14004
30802
54242
53419
276
9060
41341
67079
30717
40671
70820
69620
4644
60191
75715
65139
55548
13885
87634
24137
68117
49219
49154
15492
80382
72840
42226
53420
57323
8940
46945
5896
44306
64465
75550
14026
11151
79956
40636
73688
46343
71335
84961
49912
18601
47212
41886
34935
94864
49904
68472
50070
57958
75809
36
72881
27363
84461
6258
77933
88723
92569
93312
80574
62997
19547
35088
92146
26719
73269
87220
75422
92415
79759
12581
61219
97404
11951
68434
54460
44796
28567
59766
46982
20671
36315
51010
38860
3272
34333
38170
81006
84475
29543
31228
57198
52482
99652
81690
59736
12009
47324
43497
78155
78698
93355
34258
92743
59267
27740
76997
22197
5667
48231
95246
42893
94340
32644
48704
33160
82033
3434
59533
69636
54313
43465
17592
14829
82364
20608
49313
24654
38322
2364
66559
93652
40843
29326
12269
41306
78049
968
42715
47286
46825
83604
54053
93152
27161
84336
49536
88698
51171
49674
95312
50369
13215
76147
60600
15215
52904
4067
78441
67433
86781
14058
18107
9324
38919
20430
69145
71599
36409
51430
49462
29397
18323
65970
68830
22801
19714
45684
45160
11190
17986
7023
5895
56443
131
25754
75520
35687
24841
72577
97269
1118
21389
60569
79232
35112
94113
48414
92284
22074
45553
18251
30684
23812
32453
3092
31807
13878
62371
40163
83803
57871
28593
48782
85270
76996
56216
97777
13332
11018
22692
69710
88139
77760
22472
25277
42706
18363
70846
98033
26552
53007
84716
31306
54001
88279
44386
27792
38794
59330
85760
72242
99774
18650
32213
76923
14337
33970
4418
41485
73241
11595
60892
65309
26317
34339
40560
45899
53526
39611
80706
73469
9298
93027
39950
59159
29783
33316
6447
84312
61988
9033
2589
42036
36979
30827
9265
24618
65899
44728
88580
84737
38994
77727
45302
34852
5920
34395
28907
19127
28846
5274
48144
49780
9710
95112
60763
55207
45268
68733
68655
30786
44337
53503
33598
35454
66144
50965
28362
33903
44665
44938
95652
19682
99076
21082
42838
9461
40072
1917
12796
88147
95361
90444
63404
52171
45167
40116
52534
29389
20747
22806
54791
77600
75541
81465
86504
17186
10504
72909
96035
48413
15407
957
90245
86818
72465
53328
79295
63558
28072
30811
17351
34741
36880
80487
66395
39479
81818
31514
84901
36349
44128
53893
33786
89032
2195
5929
22845
66487
34384
37543
26561
79370
82481
98819
30411
95480
87455
96372
56245
42345
15045
37579
70511
19665
92065
38813
15905
80874
34163
6862
70507
21868
25688
87516
15693
91852
56048
84261
77826
64846
87419
74230
80615
21224
70082
86258
28474
87957
82386
52507
10589
94227
36835
42399
46266
94906
15191
31970
73409
69497
61438
73188
57836
51150
14838
64143
12163
28961
32752
88512
80635
79293
13549
46575
27802
73261
61416
29692
27670
78416
55660
7096
44123
55640
69958
73293
95627
82468
1526
60779
72223
47543
63007
57201
96300
80917
37086
41364
52321
34459
52247
2446
17069
93816
48362
82694
94365
29099
14693
36823
7491
33562
26995
91168
28466
95532
21522
65992
58118
23140
59394
95948
68544
33690
74329
48615
97167
46072
27604
8637
81387
57518
8008
70723
54266
54642
64855
93454
65589
68375
41822
26902
21189
7977
9578
11143
65543
75779
71370
21477
22639
24493
97792
7161
77832
78325
23570
74652
1337
71912
66749
58334
14692
22157
10505
56532
93288
98239
91191
6044
60806
3750
12982
55918
76448
28752
78997
18336
70589
56784
54196
42870
36138
31699
58803
29349
58490
23004
92556
82115
42958
51867
61244
67468
72560
68526
70460
84083
2041
91284
25934
71043
10259
79146
40243
32849
68344
78180
4025
14785
61657
17129
12114
44465
14491
46635
2047
20549
48187
20418
36491
52528
85298
69029
14741
