0
2
3
5
6
7
7
7
7
11
11
12
13
14
15
16
17
17
18
23
23
27
30
32
32
32
34
35
36
37
37
40
42
45
46
46
50
51
51
51
57
58
59
59
59
60
63
64
65
67
70
70
72
73
73
73
73
74
74
74
74
75
76
77
77
79
80
83
89
90
90
94
94
94
95
95
96
96
96
97
100
101
102
102
104
105
105
105
105
107
107
108
109
109
111
112
112
114
114
114
115
116
116
118
118
121
123
124
125
125
126
133
135
135
135
135
137
137
138
138
139
140
142
142
145
145
149
150
150
151
154
155
155
157
158
159
160
160
161
161
161
163
164
165
166
167
167
168
170
170
172
173
173
174
175
176
178
179
182
184
184
184
184
184
185
186
186
191
191
191
192
192
192
193
193
195
195
196
197
197
199
199
202
203
203
204
204
204
209
212
212
213
213
215
216
216
218
220
221
222
224
224
225
226
226
228
228
228
228
230
231
232
232
233
234
234
235
236
238
241
246
248
248
252
254
256
256
258
258
259
259
261
261
261
262
263
263
263
263
264
265
265
265
267
269
269
270
270
273
273
274
274
276
277
279
279
282
282
283
284
284
284
285
289
290
291
291
295
297
297
297
298
300
300
300
300
301
303
303
305
306
306
309
310
311
311
311
312
312
313
315
315
316
317
320
320
324
325
325
326
327
327
329
330
331
332
334
334
335
335
335
340
341
342
342
343
348
350
351
352
355
356
356
358
358
359
363
364
364
365
366
368
368
369
370
371
372
373
373
374
375
375
380
380
381
381
383
383
385
385
386
386
387
390
390
391
391
394
394
394
395
395
396
396
397
397
399
401
401
401
401
402
402
405
405
405
406
407
407
408
409
409
411
411
412
412
414
414
414
416
418
418
418
419
420
421
421
422
423
424
425
425
425
426
429
430
430
431
432
438
439
440
444
445
445
447
448
450
451
451
454
454
456
457
459
459
460
461
461
463
464
467
468
470
471
475
475
475
475
476
478
478
479
480
481
481
482
482
483
484
485
486
486
488
489
489
489
491
493
493
499
501
503
504
506
507
507
508
508
508
510
510
511
513
515
516
517
518
520
523
523
528
529
530
532
532
533
533
534
534
534
535
536
537
538
539
540
540
545
546
546
547
548
549
551
553
555
555
558
558
559
559
560
561
561
562
563
563
564
564
566
567
567
568
568
569
571
576
576
577
582
582
584
584
585
588
591
592
592
593
593
594
594
596
597
597
597
597
598
599
600
603
603
604
605
605
606
608
608
608
608
610
611
611
611
611
611
612
613
613
616
618
619
619
619
620
620
623
624
624
625
626
628
630
631
631
632
633
633
635
635
637
638
638
641
642
644
644
644
645
645
646
646
646
648
648
649
650
651
657
658
658
659
659
660
661
661
661
662
664
668
668
669
669
670
671
671
671
673
673
674
675
675
676
677
678
678
678
681
683
683
683
684
684
684
685
685
686
687
687
689
690
691
691
691
691
691
693
694
696
696
699
699
700
701
703
703
704
705
705
705
705
707
707
708
708
710
710
713
713
717
719
720
722
724
724
724
726
726
728
728
728
729
729
730
731
738
739
740
740
740
743
743
745
748
748
748
750
751
754
756
757
759
759
760
760
761
763
765
765
766
766
767
768
769
771
773
774
774
774
776
777
777
777
778
778
778
779
779
780
781
782
782
785
785
785
786
786
788
790
790
792
793
793
794
796
798
798
799
801
801
802
802
803
804
804
805
805
806
807
809
811
811
812
814
815
816
818
818
818
820
823
826
827
828
829
831
832
833
833
835
836
836
836
837
838
841
841
841
845
845
847
848
848
848
851
853
854
854
855
856
857
859
859
860
862
865
865
868
869
875
875
878
879
881
881
882
883
883
885
886
890
890
890
891
892
893
894
897
898
898
898
900
901
902
903
903
903
903
905
905
906
907
908
908
909
911
914
916
917
919
919
920
920
922
922
925
925
928
929
929
930
930
930
931
932
933
933
933
934
934
935
935
936
936
937
939
940
943
944
945
946
946
947
948
948
949
951
952
952
952
952
954
955
956
956
956
956
957
957
957
957
958
958
959
959
962
965
966
967
967
968
968
971
971
973
974
974
975
976
976
977
978
979
980
981
981
982
982
983
983
983
985
986
987
988
991
992
993
993
996
997
997
1000
1001
1001
1002
1002
1002
1004
1006
1008
1009
1009
1009
1010
1012
1014
1017
1019
1019
1022
1025
1026
1027
1029
1031
1032
1032
1034
1034
1035
1035
1035
1036
1037
1045
1047
1049
1055
1057
1057
1060
1063
1065
1065
1065
1065
1066
1066
1069
1069
1070
1071
1071
1073
1075
1076
1076
1076
1077
1077
1077
1077
1079
1082
1085
1086
1087
1088
1089
1091
1091
1091
1093
1093
1094
1095
1099
1103
1103
1105
1105
1105
1107
1107
1108
1109
1111
1112
1115
1116
1116
1116
1117
1117
1118
1119
1120
1121
1122
1123
1124
1125
1125
1125
1126
1126
1127
1127
1128
1130
1133
1134
1134
1134
1136
1136
1137
1137
1137
1138
1139
1139
1141
1141
1141
1144
1146
1147
1148
1153
1156
1156
1158
1158
1160
1160
1160
1162
1162
1163
1163
1163
1163
1164
1164
1166
1168
1169
1169
1171
1171
1173
1174
1175
1176
1176
1178
1178
1178
1180
1181
1182
1186
1187
1188
1190
1191
1191
1192
1193
1193
1193
1194
1197
1199
1199
1200
1202
1204
1204
1204
1205
1205
1206
1206
1207
1207
1207
1208
1209
1209
1212
1213
1217
1217
1218
1218
1219
1219
1221
1221
1222
1222
1228
1229
1230
1230
1231
1231
1233
1234
1234
1234
1240
1242
1242
1243
1244
1245
1246
1246
1247
1247
1249
1250
1251
1252
1253
1253
1256
1256
1257
1260
1260
1260
1266
1266
1268
1268
1269
1270
1270
1271
1273
1274
1275
1277
1279
1280
1280
1281
1283
1283
1283
1284
1285
1285
1286
1291
1291
1293
1296
1296
1296
1298
1299
1301
1305
1308
1308
1310
1310
1313
1316
1317
1317
1320
1320
1321
1324
1324
1324
1325
1325
1327
1327
1329
1330
1330
1330
1333
1333
1333
1333
1333
1334
1334
1334
1335
1339
1339
1341
1341
1342
1342
1343
1344
1344
1344
1345
1345
1346
1346
1346
1346
1347
1348
1349
1350
1351
1352
1352
1352
1352
1353
1353
1354
1356
1356
1357
1359
1359
1360
1360
1362
1362
1363
1364
1365
1365
1366
1368
1368
1369
1369
1370
1370
1371
1372
1372
1373
1375
1375
1378
1379
1380
1381
1385
1385
1386
1388
1389
1394
1394
1394
1395
1395
1396
1396
1397
1398
1398
1398
1400
1401
1402
1403
1405
1409
1410
1411
1412
1413
1413
1414
1415
1416
1417
1418
1420
1420
1421
1421
1422
1422
1422
1422
1423
1423
1423
1425
1427
1431
1433
1433
1434
1435
1435
1436
1437
1437
1438
1438
1439
1439
1440
1441
1443
1443
1444
1445
1446
1446
1447
1447
1449
1450
1451
1452
1456
1457
1457
1461
1462
1462
1462
1463
1463
1465
1467
1470
1470
1472
1475
1475
1478
1479
1481
1482
1484
1484
1488
1490
1490
1491
1493
1494
1494
1495
1496
1496
1497
1497
1497
1498
1498
1502
1503
1504
1506
1510
1510
1512
1512
1513
1513
1514
1515
1516
1516
1516
1519
1520
1521
1522
1523
1524
1525
1526
1527
1527
1528
1529
1530
1530
1533
1533
1534
1534
1535
1536
1536
1537
1538
1538
1539
1540
1541
1544
1545
1545
1546
1548
1549
1551
1552
1552
1555
1556
1557
1558
1562
1562
1563
1563
1563
1564
1565
1566
1567
1567
1567
1568
1569
1569
1571
1571
1572
1573
1574
1576
1576
1579
1579
1580
1580
1581
1581
1582
1583
1583
1583
1583
1584
1584
1586
1588
1589
1593
1593
1593
1595
1596
1597
1598
1598
1600
1600
1601
1604
1604
1606
1606
1611
1612
1612
1612
1613
1614
1615
1616
1617
1617
1621
1621
1624
1626
1628
1628
1629
1630
1632
1633
1633
1634
1635
1636
1636
1636
1636
1637
1637
1638
1638
1640
1640
1641
1641
1642
1642
1643
1644
1645
1646
1646
1646
1649
1651
1651
1651
1653
1655
1658
1659
1660
1661
1663
1664
1665
1668
1672
1672
1672
1672
1673
1676
1677
1677
1679
1680
1682
1685
1687
1688
1689
1690
1691
1693
1693
1695
1698
1698
1698
1699
1701
1701
1701
1702
1702
1702
1703
1703
1703
1704
1704
1704
1706
1706
1706
1707
1708
1709
1710
1711
1712
1713
1713
1714
1714
1715
1716
1716
1719
1720
1720
1721
1721
1723
1723
1724
1725
1726
1727
1728
1729
1730
1730
1731
1732
1733
1733
1734
1734
1735
1735
1736
1736
1738
1738
1739
1739
1740
1740
1742
1743
1743
1744
1744
1744
1745
1745
1746
1747
1748
1751
1753
1754
1759
1759
1759
1760
1760
1761
1762
1763
1764
1764
1766
1767
1767
1768
1768
1768
1769
1770
1771
1772
1772
1775
1775
1777
1778
1778
1778
1779
1780
1781
1781
1783
1783
1784
1784
1784
1785
1787
1789
1789
1790
1791
1794
1794
1794
1797
1797
1798
1801
1803
1803
1803
1804
1805
1807
1807
1808
1809
1811
1811
1812
1812
1812
1815
1818
1818
1822
1825
1826
1826
1827
1833
1834
1834
1836
1836
1837
1838
1838
1838
1839
1839
1841
1841
1843
1843
1844
1845
1849
1850
1851
1852
1852
1856
1856
1857
1857
1858
1859
1860
1860
1861
1861
1862
1863
1866
1867
1867
1870
1871
1871
1879
1880
1880
1880
1880
1881
1881
1882
1882
1882
1882
1883
1883
1883
1884
1884
1887
1887
1888
1890
1895
1896
1898
1899
1900
1900
1902
1904
1905
1905
1905
1906
1910
1911
1913
1914
1914
1915
1915
1917
1919
1919
1921
1923
1923
1923
1924
1925
1929
1930
1931
1932
1932
1934
1936
1937
1938
1938
1938
1939
1939
1940
1941
1941
1942
1943
1944
1944
1948
1948
1949
1950
1950
1950
1950
1951
1952
1953
1955
1955
1956
1958
1958
1960
1960
1961
1961
1964
1971
1973
1973
1975
1976
1976
1977
1978
1978
1980
1981
1982
1984
1985
1986
1986
1986
1987
1987
1988
1989
1993
1993
1993
1994
1995
1995
1995
1995
1996
1997
1998
1999
2001
2002
2002
2002
2003
2003
2004
2004
2006
2007
2008
2008
2008
2008
2009
2010
2012
2014
2015
2015
2015
2018
2018
2018
2020
2020
2021
2021
2021
2021
2022
2024
2025
2027
2027
2029
2031
2032
2034
2035
2035
2037
2037
2039
2041
2042
2042
2042
2044
2044
2045
2046
2046
2048
2048
2049
2050
2051
2051
2051
2052
2053
2058
2059
2061
2062
2062
2063
2064
2064
2064
2067
2068
2072
2072
2075
2077
2078
2079
2080
2080
2082
2082
2083
2083
2084
2087
2089
2092
2092
2093
2095
2096
2097
2097
2098
2098
2098
2098
2100
2102
2103
2103
2104
2105
2105
2106
2108
2110
2110
2110
2110
2111
2111
2113
2115
2116
2116
2116
2117
2118
2119
2120
2121
2121
2122
2123
2123
2123
2123
2123
2123
2124
2126
2128
2130
2130
2130
2132
2134
2135
2135
2136
2137
2138
2139
2139
2140
2141
2141
2143
2143
2143
2143
2143
2146
2147
2149
2149
2153
2154
2155
2155
2158
2159
2159
2159
2160
2160
2161
2161
2162
2163
2164
2166
2166
2168
2169
2169
2171
2171
2172
2172
2174
2174
2175
2176
2176
2176
2177
2178
2179
2180
2181
2181
2182
2182
2182
2183
2183
2184
2184
2187
2187
2188
2188
2189
2191
2192
2194
2195
2195
2196
2196
2197
2198
2199
2200
2200
2200
2200
2200
2200
2200
2201
2202
2203
2205
2207
2208
2208
2208
2209
2210
2211
2214
2215
2215
2215
2216
2217
2217
2218
2219
2222
2223
2224
2224
2228
2234
2236
2236
2237
2238
2240
2241
2241
2241
2242
2242
2242
2243
2244
2244
2246
2246
2246
2246
2251
2251
2252
2252
2253
2253
2254
2255
2256
2256
2258
2259
2259
2260
2260
2261
2262
2263
2268
2271
2271
2271
2275
2275
2275
2275
2277
2278
2279
2279
2280
2283
2283
2284
2284
2284
2284
2285
2286
2286
2287
2288
2289
2289
2290
2290
2290
2291
2293
2293
2293
2294
2294
2294
2295
2297
2297
2298
2298
2300
2300
2302
2303
2303
2304
2304
2304
2307
2308
2309
2311
2311
2317
2318
2318
2319
2321
2322
2324
2324
2325
2326
2327
2327
2327
2327
2328
2329
2330
2330
2334
2334
2336
2337
2337
2338
2338
2339
2341
2341
2342
2343
2346
2346
2346
2347
2348
2348
2348
2352
2353
2354
2355
2356
2356
2357
2359
2363
2363
2365
2366
2367
2367
2367
2368
2369
2370
2371
2371
2372
2373
2374
2375
2376
2377
2378
2378
2379
2379
2383
2384
2384
2384
2384
2385
2385
2386
2387
2388
2390
2392
2398
2399
2400
2400
2401
2401
2401
2401
2401
2402
2403
2406
2406
2406
2409
2409
2409
2411
2412
2413
2414
2415
2416
2416
2416
2417
2417
2418
2419
2419
2423
2424
2424
2426
2427
2427
2429
2429
2430
2431
2432
2433
2434
2439
2441
2444
2444
2445
2445
2446
2446
2447
2447
2449
2451
2451
2455
2455
2457
2458
2459
2460
2461
2465
2465
2467
2471
2472
2472
2474
2475
2476
2476
2477
2478
2481
2482
2482
2483
2484
2485
2485
2485
2486
2487
2488
2488
2488
2488
2492
2492
2493
2494
2494
2495
2495
2495
2498
2498
2499
2499
2500
2500
2502
2503
2503
2504
2505
2505
2506
2508
2510
2511
2512
2513
2513
2514
2515
2516
2516
2518
2518
2519
2519
2520
2521
2522
2523
2523
2524
2525
2526
2528
2528
2529
2529
2530
2531
2531
2531
2531
2532
2534
2534
2534
2534
2535
2535
2536
2537
2538
2538
2538
2540
2541
2542
2542
2542
2543
2543
2544
2544
2544
2547
2547
2549
2551
2551
2551
2551
2552
2553
2553
2555
2556
2556
2557
2558
2560
2560
2564
2564
2565
2566
2567
2569
2571
2572
2573
2573
2573
2574
2576
2578
2579
2579
2579
2579
2581
2582
2582
2583
2585
2585
2586
2586
2586
2588
2588
2589
2589
2590
2590
2593
2593
2593
2594
2594
2594
2594
2596
2596
2597
2598
2600
2600
2602
2602
2603
2605
2605
2606
2607
2607
2607
2608
2609
2609
2609
2610
2610
2610
2611
2613
2614
2615
2619
2621
2622
2623
2624
2625
2625
2625
2626
2626
2627
2629
2630
2631
2632
2633
2634
2634
2635
2636
2636
2636
2638
2639
2639
2639
2640
2640
2641
2642
2643
2643
2643
2643
2643
2644
2647
2649
2651
2651
2652
2652
2652
2653
2654
2654
2655
2656
2658
2658
2658
2659
2659
2659
2660
2661
2662
2665
2666
2667
2668
2668
2669
2669
2670
2671
2671
2671
2671
2672
2673
2674
2675
2676
2676
2678
2680
2681
2681
2683
2683
2683
2684
2684
2685
2685
2687
2688
2688
2691
2694
2695
2696
2696
2697
2698
2699
2699
2699
2700
2700
2702
2706
2707
2707
2708
2709
2711
2712
2714
2716
2717
2718
2718
2719
2720
2720
2721
2721
2722
2724
2726
2726
2726
2728
2729
2730
2731
2731
2732
2732
2732
2733
2733
2733
2734
2735
2735
2737
2738
2738
2740
2740
2741
2742
2743
2743
2745
2745
2746
2748
2751
2751
2752
2753
2754
2755
2756
2756
2756
2757
2757
2758
2759
2761
2762
2763
2764
2764
2765
2766
2766
2767
2768
2770
2771
2771
2775
2775
2779
2781
2781
2781
2782
2784
2784
2785
2787
2788
2788
2789
2791
2791
2792
2794
2795
2796
2796
2796
2797
2798
2799
2801
2801
2804
2805
2805
2805
2806
2808
2808
2808
2811
2811
2813
2813
2813
2815
2815
2816
2816
2818
2818
2820
2820
2822
2822
2823
2824
2825
2825
2826
2827
2827
2827
2828
2829
2831
2831
2833
2834
2834
2834
2835
2835
2836
2837
2837
2838
2838
2839
2839
2842
2844
2845
2846
2848
2848
2849
2851
2852
2854
2854
2858
2858
2858
2859
2859
2859
2860
2861
2861
2861
2862
2863
2863
2864
2865
2867
2867
2868
2868
2869
2869
2870
2872
2874
2876
2876
2876
2876
2876
2877
2878
2878
2881
2881
2882
2883
2884
2886
2887
2887
2887
2887
2889
2890
2890
2891
2891
2892
2893
2894
2895
2896
2897
2898
2898
2898
2899
2901
2902
2903
2903
2906
2906
2906
2907
2907
2908
2909
2910
2911
2912
2912
2913
2914
2915
2915
2915
2917
2918
2919
2920
2921
2921
2922
2923
2924
2925
2926
2929
2930
2932
2933
2936
2937
2938
2939
2940
2940
2941
2942
2942
2945
2947
2948
2949
2950
2951
2951
2954
2955
2955
2956
2956
2956
2958
2962
2963
2963
2964
2964
2965
2967
2968
2970
2971
2972
2974
2975
2976
2977
2978
2979
2979
2979
2979
2983
2986
2986
2986
2987
2988
2989
2990
2991
2991
2991
2992
2992
2993
2993
2993
2993
2994
2995
2995
2995
2996
2997
2998
2998
2999
