0
0
0
0
0
0
0
0
0
0
0
0
0
0
0
0
0
0
1
1
1
1
1
1
1
1
1
1
1
1
1
1
1
1
2
2
2
2
2
2
2
2
2
2
2
2
2
2
2
2
3
3
3
3
3
3
3
3
3
3
3
3
3
3
3
3
3
4
4
4
4
4
4
4
4
4
4
4
4
4
5
5
5
5
5
5
5
5
5
5
5
5
5
5
5
5
5
6
6
6
6
6
6
6
6
6
6
6
6
6
6
6
6
6
7
7
7
7
7
7
7
7
7
7
7
7
7
7
8
8
8
8
8
8
8
8
8
8
8
8
8
8
9
9
9
9
9
9
9
9
9
9
9
9
9
9
10
10
10
10
10
10
10
10
10
10
11
11
11
11
11
11
12
12
12
12
12
13
13
13
13
13
13
13
13
13
14
14
14
14
14
15
16
16
16
16
16
16
16
17
17
17
17
17
18
18
18
18
18
18
19
19
19
19
20
20
20
20
20
20
20
21
21
21
21
22
22
22
23
23
23
23
23
23
23
23
24
24
24
24
24
24
24
24
25
25
25
25
25
26
26
26
26
26
26
26
26
26
26
27
27
27
27
27
27
27
27
27
28
28
28
28
28
28
29
29
29
29
29
29
29
30
30
30
30
30
30
30
31
31
31
31
31
31
31
31
31
32
32
32
32
33
33
33
33
33
33
33
33
33
33
34
34
34
34
34
35
35
35
35
36
36
36
36
36
36
36
37
37
37
37
37
37
37
37
37
37
38
38
38
38
38
38
38
38
38
38
38
38
38
39
39
39
39
39
39
40
40
40
40
40
40
41
41
41
41
41
41
41
42
42
42
42
42
42
42
42
42
42
42
42
42
42
42
42
42
43
43
43
43
43
43
43
44
44
44
44
45
45
45
45
46
46
46
46
47
47
47
47
48
48
48
48
49
50
50
50
50
50
50
51
51
51
52
52
52
52
53
53
53
53
53
53
53
53
54
54
54
54
54
54
54
54
54
54
55
55
55
55
55
55
56
56
56
56
56
56
57
57
57
57
58
58
58
58
58
58
59
59
59
59
59
59
59
60
60
60
60
60
61
61
61
61
61
61
61
62
62
62
62
62
62
63
63
63
63
64
64
64
64
64
64
64
64
65
65
65
65
65
65
66
66
66
66
66
66
66
67
67
67
67
68
68
68
68
69
69
69
70
70
70
70
70
71
71
71
71
71
72
72
72
72
73
73
73
73
73
73
73
73
74
74
74
74
74
74
74
74
75
75
75
75
75
75
75
75
75
75
76
76
76
76
77
77
77
77
77
77
77
77
78
78
78
78
78
78
78
78
78
78
78
79
79
79
79
79
79
79
80
80
80
80
80
80
80
81
81
81
81
82
82
82
82
82
82
83
83
83
83
83
84
84
84
85
85
85
86
86
87
87
87
87
88
88
88
88
88
89
89
89
89
89
91
92
92
92
93
93
93
93
93
93
93
94
94
94
94
94
94
94
95
95
95
95
95
95
95
95
96
96
96
96
96
96
97
97
97
97
97
97
97
97
97
98
98
98
98
98
99
99
99
99
99
99
101
102
102
102
103
104
104
104
105
108
109
109
110
110
112
112
118
120
120
120
120
121
121
122
123
124
126
127
128
128
130
130
131
131
132
132
133
133
133
133
134
134
134
136
136
140
141
142
143
144
148
149
149
150
151
155
156
157
158
158
158
161
163
164
164
166
166
167
167
170
172
173
174
175
176
177
177
178
180
180
182
182
184
185
189
189
190
191
191
193
193
193
197
200
200
202
202
203
205
205
206
206
207
208
208
208
208
209
210
212
212
212
212
212
212
213
215
218
218
219
221
223
223
224
226
227
227
228
232
232
234
234
234
235
237
237
239
239
239
240
241
241
241
242
244
246
247
248
249
249
251
251
253
255
258
261
265
265
266
266
267
268
270
270
271
271
272
272
273
275
277
279
279
280
281
284
284
285
286
288
288
288
289
291
291
291
293
293
293
293
293
294
295
296
296
297
297
297
298
298
299
299
300
301
301
301
304
305
305
305
306
309
309
310
312
312
313
313
313
313
313
314
314
314
315
315
316
317
317
318
323
323
324
324
324
324
325
325
326
327
327
327
327
328
332
333
333
334
334
335
335
337
338
339
340
340
340
341
343
344
344
344
344
347
347
348
349
351
352
353
353
354
354
354
354
355
356
356
357
358
358
359
363
367
368
369
370
372
372
373
374
374
374
376
377
377
377
378
380
380
381
381
384
385
385
386
388
389
391
394
394
394
395
397
399
399
400
400
401
402
403
404
404
405
406
406
408
410
413
414
414
414
419
422
422
423
424
424
425
426
427
428
429
430
431
433
433
433
434
434
434
437
437
438
438
439
443
444
446
446
448
449
449
450
452
455
459
459
460
461
461
462
462
463
463
464
465
467
468
469
471
472
473
477
480
480
482
483
483
483
484
484
486
488
489
491
491
491
492
492
493
493
494
494
497
498
498
499
500
500
501
502
502
503
503
503
504
505
506
511
513
513
514
516
517
517
517
519
521
522
522
522
522
523
525
525
525
528
528
528
529
530
530
532
533
533
534
538
540
541
541
541
545
546
546
546
547
548
549
549
549
550
551
552
553
554
554
555
556
558
559
561
562
564
564
565
567
567
569
569
570
570
570
571
574
575
581
581
583
584
584
585
585
586
587
587
588
588
589
590
590
591
592
592
596
599
602
602
603
603
603
604
604
604
608
609
609
611
612
616
617
618
619
620
620
623
623
625
628
629
630
633
634
636
636
637
637
638
640
640
641
644
645
645
647
647
647
648
650
650
650
653
656
657
657
657
659
659
660
661
662
662
666
666
666
667
670
671
673
674
676
677
677
678
680
681
683
683
685
686
686
686
688
689
691
692
693
693
694
694
694
695
695
697
700
703
705
706
706
707
708
708
709
709
710
711
711
711
712
714
714
715
716
716
717
717
718
719
720
720
721
725
726
728
729
729
729
730
730
733
734
736
737
738
740
741
741
743
743
745
746
746
746
746
749
749
749
750
751
751
753
754
755
757
757
758
758
760
760
760
761
761
764
765
766
766
767
767
772
773
773
773
774
775
776
776
777
778
779
784
785
788
789
789
789
790
792
792
792
792
793
793
796
800
800
800
801
801
802
802
803
803
807
808
809
812
813
814
815
815
816
817
817
818
820
820
822
822
822
824
824
825
829
830
830
831
832
834
835
836
836
836
838
838
839
840
841
843
843
844
844
845
847
847
848
852
855
856
858
858
858
859
861
861
861
863
864
865
865
866
866
868
868
869
869
869
869
870
870
870
870
872
873
873
875
875
877
877
878
879
880
880
883
884
890
890
891
892
892
896
897
899
900
902
903
907
908
911
912
912
913
913
915
917
919
920
920
921
922
923
925
925
925
928
928
930
930
931
931
933
936
938
938
939
939
941
941
941
942
944
944
944
945
945
946
951
952
953
953
954
954
955
956
956
958
958
959
959
959
960
960
961
961
962
962
962
962
963
963
964
964
965
965
966
966
968
968
968
968
970
971
971
972
975
976
977
978
979
979
980
980
981
981
983
984
985
985
988
988
988
989
989
990
991
992
992
993
993
994
995
997
997
998
998
998
999
