0
0
0
0
0
0
0
0
0
0
0
0
0
0
0
0
0
0
1
1
1
1
1
1
1
1
1
1
1
1
1
1
1
1
2
2
2
2
2
2
2
2
2
2
2
2
2
2
2
2
2
3
3
3
3
3
3
3
3
3
3
3
3
3
3
3
3
3
4
4
4
4
4
4
4
4
4
4
4
4
4
5
5
5
5
5
5
5
5
5
5
5
5
5
5
5
5
5
6
6
6
6
6
6
6
6
6
6
6
6
6
6
6
6
6
6
6
7
7
7
7
7
7
7
7
7
7
7
7
7
7
8
8
8
8
8
8
8
8
8
8
8
8
8
8
8
9
9
9
9
9
9
9
9
9
9
9
9
9
9
9
10
10
10
10
10
10
10
10
10
10
11
11
11
11
11
11
12
12
12
12
12
12
13
13
13
13
13
13
13
13
13
14
14
14
14
14
14
15
15
15
16
16
16
16
16
16
16
17
17
17
17
17
17
18
18
18
18
18
18
19
19
19
19
20
20
20
20
20
20
20
21
21
21
21
21
22
22
22
23
23
23
23
23
23
23
23
24
24
24
24
24
24
24
24
24
24
25
25
25
25
25
26
26
26
26
26
26
26
26
26
26
26
26
26
26
27
27
27
27
27
27
27
27
27
27
28
28
28
28
28
28
29
29
29
29
29
29
29
30
30
30
30
30
30
30
31
31
31
31
31
31
31
31
31
31
32
32
32
32
32
33
33
33
33
33
33
33
33
33
33
34
34
34
34
34
35
35
35
35
35
36
36
36
36
36
36
36
37
37
37
37
37
37
37
37
37
37
37
38
38
38
38
38
38
38
38
38
38
38
38
38
39
39
39
39
39
39
40
40
40
40
40
40
41
41
41
41
41
41
41
41
42
42
42
42
42
42
42
42
42
42
42
42
42
42
42
42
42
42
43
43
43
43
43
43
43
44
44
44
44
45
45
45
45
45
45
46
46
46
46
46
47
47
47
47
47
48
48
48
48
49
50
50
50
50
50
50
51
51
51
52
52
52
52
53
53
53
53
53
53
53
53
53
54
54
54
54
54
54
54
54
54
54
54
54
54
55
55
55
55
55
55
55
56
56
56
56
56
56
57
57
57
57
58
58
58
58
58
58
59
59
59
59
59
59
59
59
60
60
60
60
60
61
61
61
61
61
61
61
62
62
62
62
62
62
62
63
63
63
63
63
63
64
64
64
64
64
64
64
64
65
65
65
65
65
65
66
66
66
66
66
66
66
66
66
67
67
67
67
68
68
68
68
69
69
69
70
70
70
70
70
71
71
71
71
71
71
72
72
72
72
73
73
73
73
73
73
73
73
73
74
74
74
74
74
74
74
74
74
75
75
75
75
75
75
75
75
75
75
75
76
76
76
76
76
77
77
77
77
77
77
77
77
78
78
78
78
78
78
78
78
78
78
78
78
78
79
79
79
79
79
79
79
80
80
80
80
80
80
80
81
81
81
81
82
82
82
82
82
82
82
83
83
83
83
83
83
84
84
84
84
84
84
84
85
85
85
86
86
87
87
87
87
87
87
88
88
88
88
88
88
88
89
89
89
89
89
89
91
91
92
92
92
92
93
93
93
93
93
93
93
94
94
94
94
94
94
94
94
95
95
95
95
95
95
95
95
96
96
96
96
96
96
97
97
97
97
97
97
97
97
97
98
98
98
98
98
98
99
99
99
99
99
99
101
102
102
102
103
104
104
104
105
106
107
107
108
109
109
110
110
112
112
112
112
117
118
118
119
119
120
120
120
120
121
121
121
121
122
122
122
123
124
125
126
126
127
128
128
129
130
130
131
131
131
132
132
132
133
133
133
133
133
133
134
134
134
135
136
136
140
141
142
142
142
143
143
144
144
144
144
148
149
149
149
149
150
151
151
152
152
154
154
155
155
155
156
157
158
158
158
158
159
161
161
163
164
164
165
166
166
167
167
167
168
168
170
172
173
174
175
176
176
177
177
178
178
179
180
180
182
182
184
185
189
189
189
190
191
191
192
193
193
193
195
196
197
200
200
200
202
202
202
203
203
205
205
206
206
207
208
208
208
208
209
210
211
212
212
212
212
212
212
212
213
213
214
215
218
218
218
219
219
220
221
221
223
223
224
226
227
227
227
228
230
232
232
233
234
234
234
235
236
237
237
237
239
239
239
240
240
241
241
241
241
242
242
243
244
246
246
247
247
248
249
249
250
250
251
251
251
253
255
255
256
256
256
258
258
260
260
261
261
262
265
265
265
266
266
266
267
267
268
270
270
270
271
271
272
272
273
273
275
277
278
279
279
279
280
281
284
284
285
285
286
286
287
288
288
288
288
289
290
291
291
291
291
292
293
293
293
293
293
294
294
294
295
295
296
296
297
297
297
297
298
298
299
299
300
301
301
301
301
304
304
304
305
305
305
306
307
309
309
310
310
312
312
313
313
313
313
313
313
314
314
314
314
314
315
315
316
316
317
317
317
317
317
318
319
319
320
323
323
323
324
324
324
324
324
325
325
326
327
327
327
327
328
328
328
328
328
331
332
332
332
333
333
334
334
335
335
337
338
339
340
340
340
341
342
343
344
344
344
344
345
347
347
347
348
349
350
351
351
351
352
353
353
354
354
354
354
354
355
356
356
357
358
358
359
360
361
363
363
364
366
367
368
368
369
370
370
372
372
373
374
374
374
375
376
376
376
377
377
377
378
380
380
381
381
381
381
382
383
384
384
384
385
385
386
388
389
390
391
394
394
394
394
395
396
397
397
399
399
400
400
400
401
402
402
403
404
404
405
406
406
408
408
410
413
414
414
414
415
416
416
418
419
422
422
423
424
424
425
425
426
426
426
427
427
428
428
428
428
429
430
431
433
433
433
433
434
434
434
434
435
436
436
436
436
437
437
437
438
438
439
439
440
443
444
444
445
446
446
448
449
449
450
450
451
452
455
456
458
459
459
459
460
460
461
461
462
462
462
462
463
463
463
464
464
465
466
466
467
468
468
469
469
469
470
471
472
473
473
474
474
476
477
480
480
480
480
482
483
483
483
484
484
486
488
489
489
489
490
491
491
491
491
492
492
492
493
493
493
494
494
494
496
497
498
498
498
499
499
500
500
500
501
502
502
502
503
503
503
504
504
505
506
510
511
512
513
513
514
516
516
516
516
516
516
517
517
517
518
519
521
521
522
522
522
522
522
523
525
525
525
525
527
528
528
528
529
529
530
530
531
532
532
533
533
533
534
535
538
538
539
539
540
540
541
541
541
541
542
542
545
546
546
546
547
548
549
549
549
550
551
551
552
553
553
554
554
554
555
556
556
558
559
560
560
561
561
562
562
563
564
564
565
565
565
566
567
567
568
568
568
569
569
569
569
570
570
570
571
573
574
575
578
581
581
582
583
583
584
584
585
585
586
586
587
587
587
587
587
588
588
588
589
589
590
590
591
592
592
592
595
596
596
599
601
602
602
602
602
603
603
603
603
604
604
604
605
605
606
606
607
608
609
609
610
610
611
611
612
613
616
617
618
618
619
619
620
620
622
623
623
624
624
625
628
628
629
629
630
630
631
633
634
636
636
636
637
637
637
638
638
638
640
640
641
641
642
642
644
645
645
647
647
647
648
649
650
650
650
650
651
652
652
653
654
655
656
657
657
657
658
658
659
659
659
660
661
662
662
662
662
662
663
664
665
666
666
666
666
667
670
671
671
673
673
674
676
677
677
678
679
680
680
681
683
683
685
686
686
686
686
688
689
689
690
691
691
692
693
693
694
694
694
695
695
695
697
699
700
701
703
705
706
706
706
707
707
708
708
708
709
709
709
710
711
711
711
712
712
713
714
714
714
715
715
716
716
716
717
717
718
718
718
719
720
720
720
721
721
725
725
726
728
729
729
729
730
730
731
733
733
734
736
737
738
738
739
740
741
741
742
743
743
745
746
746
746
746
748
749
749
749
749
750
750
751
751
751
753
754
755
755
757
757
758
758
759
759
760
760
760
761
761
761
762
763
764
765
766
766
767
767
770
772
772
773
773
773
774
774
775
776
776
776
777
778
778
778
779
782
784
784
785
785
786
787
788
789
789
789
790
791
792
792
792
792
793
793
793
794
794
796
797
799
800
800
800
800
801
801
802
802
802
802
803
803
804
805
807
808
808
809
810
812
813
813
813
814
815
815
815
816
816
817
817
818
820
820
822
822
822
823
824
824
825
825
829
830
830
830
831
831
831
832
834
835
835
836
836
836
836
838
838
839
839
839
840
841
843
843
843
844
844
845
845
847
847
847
848
848
849
850
852
855
855
856
857
858
858
858
858
859
859
861
861
861
861
863
864
864
865
865
866
866
866
868
868
869
869
869
869
870
870
870
870
872
872
873
873
875
875
875
876
877
877
878
879
880
880
882
883
884
884
885
885
887
888
888
889
890
890
891
892
892
893
896
896
897
898
899
899
900
901
902
903
904
905
907
907
908
911
911
912
912
913
913
913
915
915
917
919
919
920
920
920
921
921
922
923
924
924
925
925
925
928
928
929
930
930
931
931
931
933
936
937
938
938
938
938
939
939
941
941
941
941
942
944
944
944
945
945
945
946
946
947
947
947
951
952
953
953
954
954
955
956
956
957
958
958
958
959
959
959
960
960
960
960
961
961
962
962
962
962
963
963
963
964
964
965
965
965
966
966
968
968
968
968
969
970
970
971
971
972
972
973
975
975
975
976
976
977
977
978
979
979
980
980
981
981
983
983
983
984
985
985
988
988
988
989
989
989
989
990
991
991
992
992
993
993
993
993
994
995
995
996
996
997
997
997
998
998
998
998
999
999
1002
1005
1006
1008
1009
1014
1015
1016
1018
1022
1025
1026
1027
1028
1034
1034
1035
1039
1039
1041
1042
1046
1047
1055
1058
1061
1066
1067
1068
1068
1072
1073
1074
1076
1078
1081
1082
1085
1085
1088
1089
1092
1092
1094
1097
1101
1103
1106
1107
1107
1108
1109
1114
1115
1116
1118
1118
1120
1124
1125
1129
1132
1134
1138
1139
1141
1145
1147
1150
1150
1155
1156
1156
1158
1159
1159
1163
1163
1164
1164
1164
1168
1170
1174
1180
1181
1183
1183
1187
1188
1188
1188
1189
1192
1193
1194
1195
1197
1198
1200
1201
1203
1205
1206
1211
1215
1217
1220
1220
1222
1224
1226
1227
1228
1230
1230
1231
1232
1237
1238
1238
1240
1242
1247
1249
1252
1253
1258
1260
1260
1262
1264
1264
1266
1268
1269
1274
1276
1276
1279
1279
1281
1283
1283
1285
1286
1286
1288
1294
1295
1295
1302
1303
1306
1314
1316
1318
1319
1324
1325
1330
1331
1333
1335
1336
1339
1340
1341
1342
1343
1345
1349
1352
1354
1359
1361
1362
1363
1365
1365
1366
1367
1368
1369
1373
1378
1380
1383
1383
1387
1391
1391
1393
1395
1396
1399
1400
1407
1408
1411
1413
1414
1416
1417
1420
1421
1424
1425
1428
1429
1434
1434
1443
1448
1448
1449
1451
1452
1454
1464
1465
1467
1469
1474
1475
1478
1478
1480
1487
1488
1490
1490
1491
1496
1497
1502
1504
1505
1511
1514
1514
1521
1526
1531
1533
1536
1537
1542
1542
1542
1543
1547
1549
1553
1554
1561
1562
1571
1572
1572
1572
1574
1576
1576
1576
1579
1580
1580
1582
1583
1587
1590
1592
1595
1597
1599
1599
1599
1600
1600
1603
1603
1605
1608
1609
1611
1612
1613
1617
1619
1620
1620
1621
1623
1624
1625
1626
1629
1630
1633
1634
1635
1639
1639
1643
1644
1645
1646
1647
1647
1648
1649
1650
1651
1653
1653
1655
1655
1656
1656
1659
1663
1663
1667
1668
1669
1671
1672
1676
1677
1681
1682
1683
1684
1689
1689
1692
1694
1697
1698
1699
1699
1701
1702
1702
1702
1704
1704
1704
1707
1710
1711
1713
1714
1714
1715
1716
1718
1720
1722
1722
1722
1722
1724
1726
1726
1727
1731
1732
1732
1735
1736
1738
1738
1740
1741
1744
1745
1745
1747
1749
1749
1750
1753
1755
1755
1760
1760
1765
1768
1768
1769
1770
1770
1771
1775
1777
1779
1783
1784
1785
1788
1789
1792
1792
1795
1800
1801
1802
1808
1809
1810
1811
1812
1812
1813
1814
1815
1817
1818
1820
1821
1821
1826
1828
1829
1829
1832
1834
1837
1839
1840
1840
1843
1845
1849
1850
1855
1855
1856
1856
1857
1857
1860
1860
1863
1863
1864
1865
1867
1869
1870
1871
1872
1874
1875
1888
1888
1892
1895
1895
1896
1899
1899
1900
1901
1902
1906
1910
1913
1915
1915
1915
1916
1917
1918
1918
1919
1920
1922
1925
1925
1925
1926
1928
1933
1933
1933
1935
1935
1937
1939
1948
1949
1950
1954
1954
1959
1961
1961
1964
1965
1966
1968
1970
1970
1973
1975
1978
1980
1982
1984
1989
1990
1995
2000
2004
2004
2007
2009
2009
2009
2014
2014
2014
2016
2016
2019
2020
2021
2025
2026
2029
2029
2030
2030
2032
2033
2034
2035
2036
2037
2040
2045
2054
2056
2057
2057
2058
2063
2064
2066
2073
2075
2077
2077
2077
2079
2079
2080
2083
2087
2089
2093
2095
2101
2101
2101
2102
2106
2106
2112
2114
2114
2118
2118
2122
2123
2125
2126
2126
2129
2133
2138
2141
2142
2147
2148
2148
2150
2157
2159
2160
2161
2162
2164
2167
2167
2169
2169
2171
2177
2180
2183
2185
2185
2189
2190
2190
2191
2201
2204
2205
2210
2215
2216
2220
2220
2224
2227
2234
2234
2237
2238
2239
2241
2246
2247
2247
2248
2249
2252
2256
2256
2258
2258
2261
2262
2267
2269
2270
2270
2274
2274
2275
2276
2277
2283
2284
2285
2286
2290
2294
2295
2297
2298
2298
2302
2302
2309
2314
2314
2314
2315
2316
2318
2323
2326
2327
2332
2336
2337
2338
2339
2340
2343
2348
2352
2359
2359
2360
2361
2362
2363
2364
2368
2369
2373
2376
2378
2382
2385
2386
2387
2388
2391
2396
2398
2399
2400
2400
2401
2403
2404
2405
2406
2406
2410
2411
2412
2413
2414
2414
2423
2425
2435
2435
2437
2440
2440
2442
2445
2451
2455
2455
2458
2462
2463
2465
2467
2470
2472
2473
2473
2474
2475
2476
2478
2479
2483
2483
2485
2490
2490
2491
2492
2492
2496
2496
2496
2499
2511
2512
2513
2513
2514
2520
2524
2524
2524
2525
2526
2529
2530
2531
2532
2532
2534
2537
2539
2539
2542
2544
2546
2549
2549
2552
2553
2554
2555
2555
2556
2557
2558
2559
2561
2563
2563
2566
2567
2569
2569
2578
2578
2583
2584
2586
2588
2590
2592
2600
2601
2602
2602
2603
2608
2609
2609
2610
2611
2612
2613
2615
2621
2622
2623
2623
2624
2628
2628
2629
2631
2632
2636
2641
2641
2643
2643
2646
2647
2648
2648
2648
2652
2654
2656
2659
2660
2665
2666
2667
2674
2677
2680
2680
2684
2687
2694
2694
2696
2700
2701
2702
2703
2703
2706
2707
2707
2716
2716
2718
2719
2724
2725
2728
2728
2730
2731
2734
2740
2740
2741
2743
2743
2743
2743
2747
2747
2750
2752
2753
2754
2755
2761
2761
2762
2762
2764
2768
2770
2770
2773
2774
2775
2777
2779
2779
2780
2783
2784
2794
2795
2795
2796
2797
2797
2803
2805
2805
2805
2809
2809
2809
2810
2814
2815
2816
2819
2820
2825
2826
2830
2835
2835
2836
2838
2840
2844
2845
2850
2851
2857
2857
2859
2859
2861
2861
2863
2865
2868
2872
2873
2875
2877
2879
2880
2880
2881
2886
2889
2892
2895
2900
2901
2901
2901
2902
2903
2904
2905
2906
2910
2912
2915
2922
2923
2923
2924
2925
2928
2929
2930
2932
2934
2941
2941
2946
2948
2950
2952
2955
2955
2955
2956
2957
2958
2963
2965
2965
2967
2967
2970
2976
2978
2979
2979
2981
2982
2983
2985
2989
2989
2991
2994
2995
2995
2997
2997
3002
3005
3008
3014
3017
3018
3018
3022
3023
3027
3028
3034
3036
3041
3041
3045
3053
3057
3063
3065
3069
3070
3071
3072
3073
3073
3074
3076
3077
3083
3084
3085
3086
3086
3087
3092
3092
3092
3093
3093
3094
3096
3101
3102
3103
3104
3105
3108
3109
3111
3114
3121
3122
3123
3126
3128
3128
3129
3130
3130
3132
3142
3144
3145
3145
3154
3157
3157
3159
3160
3165
3165
3166
3172
3173
3177
3177
3178
3182
3183
3188
3188
3189
3192
3192
3197
3197
3198
3202
3206
3206
3208
3210
3212
3212
3214
3216
3219
3220
3220
3221
3222
3222
3224
3224
3226
3226
3226
3227
3228
3230
3232
3234
3237
3237
3237
3239
3242
3244
3247
3252
3252
3253
3260
3262
3263
3267
3271
3273
3273
3277
3279
3280
3285
3288
3293
3295
3296
3297
3298
3298
3302
3303
3303
3303
3306
3309
3315
3316
3317
3319
3320
3322
3322
3323
3325
3325
3326
3328
3331
3331
3334
3346
3346
3348
3351
3354
3359
3360
3360
3360
3362
3362
3363
3363
3363
3369
3370
3372
3373
3375
3378
3381
3383
3385
3386
3388
3399
3399
3402
3402
3404
3404
3404
3405
3408
3410
3414
3418
3419
3421
3421
3425
3426
3428
3430
3436
3437
3437
3438
3440
3440
3442
3445
3446
3448
3448
3448
3451
3452
3453
3454
3455
3456
3458
3459
3461
3461
3462
3463
3468
3474
3475
3476
3478
3479
3479
3480
3482
3483
3498
3499
3501
3502
3508
3509
3510
3513
3516
3518
3520
3522
3523
3523
3524
3525
3526
3529
3531
3531
3531
3536
3537
3540
3541
3542
3543
3544
3545
3549
3549
3553
3557
3561
3561
3566
3567
3567
3568
3569
3572
3580
3582
3588
3591
3593
3594
3595
3600
3603
3613
3613
3616
3618
3623
3624
3628
3629
3632
3633
3640
3642
3644
3645
3646
3650
3651
3655
3662
3663
3664
3665
3667
3672
3673
3675
3678
3682
3683
3684
3685
3685
3685
3687
3688
3691
3693
3698
3698
3700
3701
3701
3701
3703
3708
3709
3711
3713
3716
3717
3718
3718
3724
3725
3729
3731
3732
3734
3734
3735
3735
3741
3747
3752
3752
3753
3756
3758
3758
3760
3763
3764
3767
3768
3768
3770
3772
3776
3779
3780
3784
3785
3788
3790
3790
3790
3791
3791
3792
3795
3803
3803
3810
3819
3824
3825
3825
3826
3830
3834
3846
3854
3855
3857
3858
3858
3861
3865
3867
3867
3868
3873
3873
3874
3878
3878
3879
3881
3882
3883
3883
3890
3890
3892
3895
3897
3897
3897
3901
3905
3905
3905
3906
3910
3911
3916
3916
3919
3919
3921
3923
3924
3925
3926
3930
3931
3931
3935
3939
3940
3940
3940
3951
3954
3955
3961
3961
3963
3965
3968
3975
3979
3980
3983
3986
3986
3988
3988
3991
3993
3994
3994
3998
3998
4003
4008
4008
4016
4020
4022
4027
4028
4030
4033
4036
4038
4041
4047
4053
4055
4061
4061
4064
4067
4068
4068
4072
4074
4076
4082
4083
4084
4087
4090
4091
4092
4092
4094
4097
4097
4098
4098
4100
4102
4104
4106
4107
4108
4110
4111
4112
4114
4116
4116
4121
4122
4124
4126
4128
4129
4130
4130
4139
4143
4143
4145
4149
4149
4149
4151
4151
4160
4163
4164
4165
4165
4167
4168
4169
4174
4174
4177
4177
4180
4184
4184
4185
4186
4189
4191
4193
4197
4209
4214
4216
4217
4217
4218
4219
4219
4219
4224
4227
4228
4232
4236
4236
4239
4242
4242
4243
4244
4246
4247
4249
4250
4251
4252
4255
4255
4256
4259
4259
4261
4264
4270
4273
4273
4282
4285
4286
4287
4290
4293
4293
4296
4297
4297
4304
4308
4314
4314
4317
4318
4327
4328
4328
4332
4333
4341
4343
4344
4345
4348
4348
4348
4353
4354
4356
4359
4359
4362
4363
4364
4365
4366
4374
4375
4377
4380
4381
4381
4382
4382
4383
4384
4389
4390
4393
4393
4401
4404
4404
4405
4405
4407
4407
4414
4415
4416
4416
4420
4421
4424
4425
4425
4425
4427
4432
4433
4433
4436
4437
4440
4443
4449
4451
4453
4458
4461
4463
4464
4465
4466
4467
4468
4470
4470
4473
4474
4475
4478
4478
4479
4481
4483
4483
4484
4489
4489
4493
4494
4496
4504
4504
4504
4504
4505
4511
4512
4517
4523
4523
4524
4524
4526
4530
4530
4530
4532
4532
4537
4537
4538
4538
4544
4544
4546
4549
4549
4553
4555
4559
4563
4568
4570
4570
4571
4572
4574
4579
4580
4582
4584
4587
4590
4593
4595
4596
4597
4597
4598
4600
4600
4601
4603
4607
4607
4612
4614
4614
4615
4616
4620
4625
4627
4628
4628
4634
4635
4637
4638
4640
4641
4647
4649
4651
4653
4654
4657
4658
4658
4658
4661
4663
4665
4673
4674
4675
4676
4685
4686
4688
4691
4692
4699
4700
4706
4710
4715
4721
4722
4724
4727
4727
4730
4732
4734
4737
4738
4739
4745
4746
4748
4751
4754
4756
4756
4757
4757
4763
4765
4766
4767
4768
4768
4769
4770
4771
4774
4777
4778
4779
4781
4782
4784
4788
4791
4793
4798
4799
4805
4808
4811
4813
4818
4820
4821
4822
4826
4827
4830
4830
4830
4835
4840
4841
4842
4843
4844
4852
4853
4853
4855
4855
4856
4857
4858
4861
4862
4865
4865
4869
4872
4874
4877
4881
4881
4883
4885
4888
4890
4891
4896
4898
4898
4899
4901
4901
4902
4913
4914
4915
4917
4923
4925
4926
4927
4927
4931
4932
4934
4935
4935
4936
4937
4937
4939
4939
4945
4947
4953
4953
4957
4958
4959
4959
4959
4961
4961
4966
4968
4968
4970
4970
4972
4974
4974
4976
4980
4981
4981
4984
4984
4985
4987
4990
4994
4994
4995
4999
4999
5000
5001
5002
5003
5004
5006
5007
5011
5012
5014
5015
5016
5018
5024
5025
5027
5028
5032
5035
5037
5038
5039
5039
5041
5042
5043
5043
5043
5046
5056
5057
5058
5058
5059
5064
5065
5065
5067
5070
5070
5074
5075
5075
5075
5076
5076
5079
5080
5083
5087
5090
5091
5092
5097
5101
5102
5103
5106
5109
5109
5111
5111
5111
5116
5120
5121
5122
5125
5126
5126
5129
5132
5132
5133
5134
5142
5143
5145
5145
5149
5150
5150
5154
5155
5156
5159
5160
5161
5164
5167
5167
5168
5172
5173
5174
5177
5177
5179
5182
5183
5185
5185
5185
5188
5189
5192
5195
5197
5200
5201
5202
5203
5208
5210
5212
5217
5217
5218
5222
5224
5224
5225
5225
5228
5228
5231
5232
5233
5237
5238
5239
5240
5240
5241
5241
5243
5246
5256
5258
5261
5262
5265
5269
5271
5272
5273
5276
5277
5277
5278
5278
5278
5283
5283
5285
5287
5288
5289
5289
5293
5294
5295
5299
5300
5301
5302
5302
5304
5305
5305
5310
5314
5316
5318
5319
5320
5320
5321
5327
5331
5332
5332
5334
5335
5337
5339
5340
5343
5344
5345
5345
5346
5347
5354
5354
5355
5360
5361
5364
5364
5375
5379
5381
5381
5383
5386
5389
5391
5391
5391
5400
5400
5402
5403
5404
5407
5410
5417
5417
5418
5422
5423
5425
5432
5435
5436
5437
5438
5442
5443
5452
5453
5454
5455
5458
5458
5459
5460
5461
5462
5464
5464
5466
5467
5470
5472
5473
5473
5476
5480
5484
5488
5489
5489
5492
5492
5493
5494
5495
5499
5500
5501
5502
5513
5514
5516
5516
5516
5517
5518
5518
5520
5523
5523
5524
5525
5527
5528
5529
5530
5534
5535
5536
5538
5542
5544
5546
5547
5548
5550
5551
5553
5556
5560
5561
5567
5569
5569
5570
5571
5571
5571
5575
5580
5584
5586
5587
5587
5592
5593
5596
5596
5597
5597
5601
5601
5602
5606
5607
5609
5610
5614
5616
5616
5622
5624
5625
5626
5631
5636
5636
5637
5637
5638
5638
5639
5639
5642
5645
5645
5648
5651
5652
5653
5658
5658
5659
5662
5666
5667
5668
5668
5670
5670
5673
5674
5677
5679
5680
5683
5685
5686
5686
5693
5695
5696
5697
5703
5703
5704
5705
5710
5712
5712
5713
5714
5715
5716
5717
5718
5721
5722
5725
5726
5726
5727
5730
5732
5734
5734
5738
5741
5743
5748
5748
5751
5751
5753
5755
5756
5757
5762
5763
5765
5765
5766
5769
5770
5771
5771
5782
5789
5792
5793
5797
5799
5802
5805
5806
5806
5808
5809
5811
5813
5816
5817
5823
5823
5824
5828
5833
5833
5833
5839
5839
5840
5841
5845
5848
5849
5849
5849
5850
5851
5851
5854
5856
5860
5860
5861
5862
5863
5864
5866
5867
5868
5869
5871
5872
5873
5874
5874
5877
5884
5884
5888
5889
5890
5890
5891
5891
5898
5905
5907
5910
5911
5913
5915
5919
5919
5927
5928
5930
5931
5933
5935
5936
5938
5948
5948
5952
5953
5955
5958
5958
5964
5965
5967
5967
5970
5970
5973
5975
5978
5979
5979
5983
5985
5986
5993
5994
5998
5999
6000
6000
6003
6005
6008
6013
6018
6019
6021
6025
6025
6025
6029
6033
6039
6042
6045
6046
6047
6048
6048
6051
6051
6052
6053
6054
6059
6059
6066
6067
6069
6069
6070
6073
6073
6075
6076
6079
6080
6080
6084
6084
6084
6085
6090
6093
6098
6103
6104
6105
6109
6111
6118
6119
6123
6128
6128
6133
6135
6136
6138
6139
6140
6140
6141
6142
6144
6147
6149
6152
6154
6155
6157
6158
6160
6166
6168
6172
6172
6172
6175
6176
6177
6178
6181
6181
6187
6188
6190
6191
6192
6192
6194
6197
6201
6202
6203
6205
6206
6207
6211
6213
6213
6217
6219
6221
6226
6227
6228
6229
6231
6233
6233
6235
6238
6238
6240
6241
6243
6244
6245
6252
6252
6254
6254
6255
6256
6256
6257
6257
6260
6260
6261
6264
6264
6266
6273
6273
6273
6273
6273
6274
6275
6278
6282
6284
6285
6287
6287
6288
6291
6293
6297
6297
6302
6306
6307
6307
6312
6319
6321
6322
6324
6327
6334
6334
6335
6338
6341
6348
6349
6352
6354
6354
6354
6357
6358
6361
6363
6363
6364
6367
6368
6370
6373
6373
6377
6377
6381
6382
6385
6386
6386
6390
6390
6390
6391
6397
6398
6399
6400
6400
6404
6408
6409
6409
6409
6409
6414
6414
6415
6416
6416
6418
6420
6421
6421
6427
6427
6429
6429
6429
6432
6433
6438
6441
6444
6446
6448
6449
6452
6454
6456
6456
6461
6462
6463
6470
6471
6474
6476
6477
6479
6480
6481
6481
6483
6485
6487
6490
6491
6492
6497
6497
6501
6502
6509
6511
6513
6514
6514
6519
6522
6523
6526
6530
6531
6533
6543
6553
6555
6556
6556
6561
6561
6564
6564
6572
6574
6577
6580
6581
6582
6586
6586
6586
6590
6592
6593
6593
6593
6597
6598
6599
6602
6603
6605
6612
6612
6617
6617
6618
6622
6624
6627
6629
6629
6631
6633
6636
6637
6638
6643
6643
6645
6647
6657
6659
6660
6662
6663
6664
6665
6667
6667
6667
6670
6673
6673
6674
6678
6678
6679
6680
6688
6693
6694
6695
6697
6697
6700
6700
6701
6702
6706
6708
6709
6715
6715
6719
6720
6723
6725
6727
6728
6729
6734
6737
6738
6739
6740
6741
6742
6743
6744
6744
6745
6750
6751
6752
6753
6756
6757
6761
6761
6768
6771
6771
6771
6772
6779
6780
6782
6785
6786
6789
6791
6793
6793
6793
6795
6797
6797
6799
6805
6807
6812
6813
6815
6815
6816
6820
6820
6821
6824
6826
6828
6829
6831
6831
6832
6834
6837
6839
6841
6843
6845
6848
6848
6850
6851
6851
6853
6855
6857
6867
6868
6868
6870
6873
6874
6882
6884
6886
6889
6895
6895
6897
6898
6901
6903
6906
6909
6910
6911
6911
6912
6915
6920
6925
6926
6926
6927
6929
6929
6930
6931
6933
6935
6938
6938
6938
6940
6942
6942
6946
6951
6954
6954
6959
6959
6962
6964
6965
6967
6967
6968
6969
6969
6970
6977
6977
6980
6981
6986
6987
6987
6991
6991
6994
6994
6997
7000
7000
7001
7014
7014
7016
7017
7018
7020
7022
7026
7030
7031
7032
7037
7038
7039
7040
7044
7049
7049
7050
7051
7060
7060
7063
7065
7066
7068
7069
7070
7074
7076
7076
7079
7082
7084
7085
7087
7089
7091
7092
7092
7095
7096
7102
7103
7106
7107
7107
7108
7109
7114
7116
7120
7121
7126
7128
7130
7130
7131
7132
7134
7136
7140
7141
7141
7143
7144
7145
7146
7149
7149
7150
7150
7151
7152
7157
7158
7158
7158
7158
7159
7159
7160
7164
7168
7169
7174
7176
7178
7178
7187
7192
7195
7196
7197
7200
7202
7204
7206
7208
7209
7212
7214
7215
7217
7220
7220
7224
7227
7227
7228
7228
7232
7232
7235
7236
7243
7246
7247
7248
7248
7249
7250
7251
7252
7252
7254
7256
7257
7258
7260
7261
7262
7270
7275
7278
7279
7280
7283
7284
7284
7284
7285
7286
7287
7292
7292
7293
7295
7296
7296
7300
7301
7303
7304
7304
7306
7307
7310
7310
7311
7312
7317
7317
7317
7321
7324
7325
7327
7336
7341
7343
7348
7352
7355
7356
7356
7356
7356
7362
7363
7363
7370
7371
7374
7374
7376
7377
7383
7383
7383
7384
7387
7394
7398
7399
7400
7406
7406
7409
7409
7414
7416
7418
7419
7419
7420
7423
7426
7427
7428
7429
7433
7433
7434
7434
7439
7441
7441
7441
7444
7444
7445
7450
7451
7452
7456
7456
7459
7461
7461
7462
7464
7465
7466
7466
7470
7470
7470
7473
7475
7475
7476
7479
7479
7485
7488
7489
7489
7491
7491
7495
7497
7497
7497
7498
7499
7499
7502
7503
7507
7512
7514
7521
7521
7521
7522
7524
7526
7530
7531
7536
7539
7543
7543
7546
7547
7550
7553
7554
7557
7560
7560
7562
7563
7564
7569
7569
7569
7570
7573
7574
7575
7576
7581
7583
7583
7590
7590
7591
7592
7592
7596
7597
7597
7598
7605
7609
7609
7612
7612
7614
7616
7617
7617
7625
7632
7637
7638
7644
7647
7647
7650
7657
7657
7657
7658
7667
7668
7670
7672
7676
7677
7683
7683
7684
7684
7684
7685
7686
7692
7696
7696
7696
7697
7701
7704
7706
7710
7714
7715
7719
7720
7722
7724
7732
7733
7735
7735
7735
7735
7736
7737
7739
7741
7741
7743
7743
7747
7750
7751
7752
7752
7753
7753
7754
7758
7759
7762
7762
7770
7772
7781
7781
7782
7786
7790
7791
7791
7792
7796
7799
7799
7804
7805
7809
7812
7813
7813
7815
7818
7818
7819
7823
7826
7829
7830
7834
7836
7840
7840
7840
7841
7841
7841
7846
7849
7851
7853
7854
7854
7856
7856
7858
7862
7862
7867
7867
7871
7879
7882
7883
7886
7887
7889
7890
7893
7896
7896
7900
7901
7903
7903
7905
7911
7912
7913
7915
7916
7917
7918
7919
7920
7921
7922
7925
7925
7927
7928
7930
7932
7932
7932
7933
7935
7935
7942
7944
7945
7947
7947
7952
7955
7956
7956
7958
7958
7958
7960
7962
7964
7965
7969
7970
7971
7973
7973
7975
7977
7980
7981
7982
7983
7986
7989
7990
7991
7993
7995
7996
7998
8000
8000
8001
8005
8008
8010
8011
8011
8014
8015
8016
8018
8022
8023
8024
8025
8028
8034
8035
8036
8038
8046
8048
8050
8051
8052
8056
8056
8060
8060
8062
8065
8066
8067
8068
8069
8070
8076
8076
8076
8080
8081
8084
8085
8087
8089
8089
8093
8095
8095
8096
8097
8102
8102
8106
8108
8109
8110
8110
8111
8115
8119
8120
8123
8123
8125
8126
8126
8129
8131
8134
8136
8138
8141
8148
8148
8153
8156
8156
8158
8162
8165
8166
8166
8167
8168
8168
8168
8169
8179
8180
8184
8184
8192
8192
8195
8196
8197
8201
8201
8201
8207
8209
8221
8224
8225
8229
8229
8230
8232
8236
8238
8238
8239
8240
8242
8242
8242
8243
8247
8249
8253
8253
8256
8256
8256
8257
8257
8259
8259
8259
8260
8261
8265
8268
8268
8269
8269
8273
8279
8280
8281
8282
8285
8285
8285
8287
8288
8288
8292
8299
8300
8302
8302
8305
8305
8307
8308
8308
8308
8309
8309
8309
8310
8311
8313
8315
8319
8319
8320
8322
8325
8334
8338
8339
8339
8342
8344
8347
8349
8350
8352
8352
8353
8355
8357
8359
8360
8361
8362
8364
8364
8365
8365
8365
8366
8376
8379
8380
8382
8382
8383
8385
8385
8389
8390
8393
8395
8398
8398
8399
8402
8402
8404
8404
8406
8409
8410
8416
8420
8422
8423
8424
8425
8426
8427
8428
8432
8432
8434
8436
8436
8437
8440
8445
8446
8447
8448
8448
8450
8450
8452
8454
8455
8457
8458
8460
8461
8463
8463
8467
8469
8470
8471
8471
8472
8473
8475
8476
8477
8477
8479
8480
8481
8485
8491
8491
8496
8500
8501
8501
8503
8504
8504
8509
8511
8511
8518
8519
8521
8524
8528
8529
8531
8532
8535
8538
8539
8547
8548
8552
8552
8554
8555
8557
8558
8564
8565
8566
8566
8567
8567
8570
8574
8575
8576
8578
8578
8581
8583
8583
8589
8590
8591
8596
8600
8600
8601
8604
8606
8611
8613
8614
8615
8618
8621
8621
8622
8622
8624
8625
8625
8628
8630
8632
8632
8634
8634
8635
8638
8638
8640
8640
8642
8642
8645
8648
8650
8651
8652
8655
8659
8659
8659
8660
8664
8664
8666
8667
8669
8669
8669
8670
8670
8672
8672
8675
8676
8677
8678
8687
8691
8691
8693
8694
8696
8697
8697
8698
8699
8700
8703
8704
8704
8706
8706
8708
8708
8708
8708
8710
8716
8718
8718
8724
8725
8728
8731
8736
8740
8740
8740
8743
8744
8744
8747
8748
8748
8754
8755
8757
8762
8762
8764
8765
8766
8768
8772
8774
8776
8779
8784
8784
8784
8787
8788
8791
8794
8798
8799
8801
8801
8804
8813
8814
8816
8818
8819
8821
8823
8826
8827
8827
8828
8834
8835
8838
8841
8844
8844
8846
8851
8856
8859
8859
8860
8864
8864
8866
8869
8870
8874
8875
8884
8885
8886
8893
8898
8900
8906
8906
8906
8907
8909
8909
8910
8916
8916
8924
8925
8928
8932
8935
8935
8937
8939
8941
8943
8944
8945
8945
8946
8948
8951
8952
8954
8954
8955
8957
8958
8964
8965
8969
8972
8972
8973
8973
8975
8977
8978
8982
8984
8986
8988
8995
8996
8999
8999
9000
9007
9007
9009
9016
9022
9023
9023
9024
9027
9028
9028
9029
9031
9031
9031
9031
9032
9035
9036
9040
9040
9046
9047
9048
9052
9053
9054
9054
9055
9056
9057
9062
9062
9065
9065
9065
9066
9071
9073
9074
9077
9079
9080
9080
9081
9081
9083
9084
9088
9092
9093
9093
9095
9095
9096
9099
9102
9102
9104
9106
9109
9109
9110
9113
9114
9115
9115
9116
9117
9117
9119
9120
9120
9121
9123
9126
9129
9130
9130
9131
9131
9136
9136
9136
9137
9138
9142
9148
9150
9152
9153
9153
9159
9163
9164
9168
9169
9169
9173
9173
9176
9176
9180
9184
9185
9192
9194
9196
9198
9199
9203
9206
9207
9210
9210
9213
9214
9218
9219
9223
9224
9224
9225
9225
9226
9228
9228
9228
9230
9230
9231
9232
9233
9233
9234
9236
9237
9237
9237
9246
9246
9253
9254
9256
9257
9257
9261
9265
9267
9268
9277
9281
9281
9283
9285
9287
9295
9295
9296
9298
9298
9299
9300
9307
9310
9311
9312
9315
9316
9316
9317
9317
9318
9320
9322
9322
9324
9325
9329
9337
9337
9339
9339
9347
9349
9351
9356
9358
9359
9360
9363
9364
9367
9369
9371
9376
9376
9376
9378
9378
9379
9379
9382
9383
9383
9383
9385
9387
9388
9391
9393
9393
9393
9394
9397
9398
9398
9399
9400
9401
9405
9405
9406
9407
9410
9410
9410
9410
9411
9412
9413
9414
9420
9422
9425
9425
9425
9426
9429
9430
9432
9432
9435
9438
9438
9439
9440
9446
9447
9448
9451
9455
9456
9456
9461
9463
9467
9468
9469
9471
9471
9472
9473
9474
9474
9479
9480
9483
9483
9483
9485
9485
9488
9494
9494
9494
9495
9496
9500
9505
9511
9515
9516
9518
9531
9533
9533
9538
9539
9546
9548
9549
9549
9554
9558
9558
9559
9563
9566
9567
9568
9568
9570
9574
9574
9575
9586
9587
9587
9590
9592
9597
9602
9602
9605
9607
9609
9609
9610
9610
9612
9612
9612
9615
9617
9619
9622
9622
9623
9624
9625
9628
9630
9631
9633
9634
9637
9639
9639
9643
9644
9645
9645
9646
9653
9656
9658
9663
9667
9667
9667
9669
9671
9677
9679
9682
9685
9690
9692
9693
9693
9695
9698
9707
9713
9714
9716
9719
9721
9722
9723
9723
9724
9726
9727
9727
9728
9732
9734
9735
9735
9737
9738
9745
9755
9758
9760
9762
9764
9765
9765
9767
9768
9770
9774
9776
9777
9780
9785
9788
9789
9789
9790
9791
9792
9792
9793
9793
9796
9798
9800
9801
9801
9811
9812
9815
9815
9819
9820
9821
9822
9822
9825
9826
9827
9827
9827
9828
9828
9834
9834
9836
9837
9837
9838
9840
9843
9845
9845
9850
9852
9853
9854
9855
9855
9857
9859
9861
9864
9868
9870
9874
9874
9876
9877
9886
9888
9890
9890
9891
9892
9893
9901
9903
9904
9904
9906
9909
9910
9911
9914
9915
9916
9921
9925
9925
9928
9929
9931
9933
9935
9935
9940
9941
9946
9948
9950
9956
9957
9960
9962
9964
9967
9968
9968
9972
9974
9977
9981
9984
9991
9994
9999
