0
0
0
0
0
0
0
0
0
0
0
0
0
0
0
0
0
0
1
1
1
1
1
1
1
1
1
1
1
1
1
1
1
1
2
2
2
2
2
2
2
2
2
2
2
2
2
2
2
2
2
3
3
3
3
3
3
3
3
3
3
3
3
3
3
3
3
3
4
4
4
4
4
4
4
4
4
4
4
4
4
5
5
5
5
5
5
5
5
5
5
5
5
5
5
5
5
5
6
6
6
6
6
6
6
6
6
6
6
6
6
6
6
6
6
6
6
7
7
7
7
7
7
7
7
7
7
7
7
7
7
7
8
8
8
8
8
8
8
8
8
8
8
8
8
8
8
9
9
9
9
9
9
9
9
9
9
9
9
9
9
9
10
10
10
10
10
10
10
10
10
10
11
11
11
11
11
11
12
12
12
12
12
12
13
13
13
13
13
13
13
13
13
14
14
14
14
14
14
14
15
15
15
16
16
16
16
16
16
16
17
17
17
17
17
17
18
18
18
18
18
18
19
19
19
19
20
20
20
20
20
20
20
21
21
21
21
21
22
22
22
23
23
23
23
23
23
23
23
24
24
24
24
24
24
24
24
24
24
25
25
25
25
25
26
26
26
26
26
26
26
26
26
26
26
26
26
26
27
27
27
27
27
27
27
27
27
27
28
28
28
28
28
28
29
29
29
29
29
29
29
30
30
30
30
30
30
30
31
31
31
31
31
31
31
31
31
31
32
32
32
32
32
33
33
33
33
33
33
33
33
33
33
33
34
34
34
34
34
35
35
35
35
35
36
36
36
36
36
36
36
37
37
37
37
37
37
37
37
37
37
37
38
38
38
38
38
38
38
38
38
38
38
38
38
38
39
39
39
39
39
39
40
40
40
40
40
40
41
41
41
41
41
41
41
41
42
42
42
42
42
42
42
42
42
42
42
42
42
42
42
42
42
42
43
43
43
43
43
43
43
44
44
44
44
45
45
45
45
45
45
46
46
46
46
46
47
47
47
47
47
48
48
48
48
49
50
50
50
50
50
50
51
51
51
52
52
52
52
53
53
53
53
53
53
53
53
53
54
54
54
54
54
54
54
54
54
54
54
54
54
55
55
55
55
55
55
55
56
56
56
56
56
56
57
57
57
57
58
58
58
58
58
58
59
59
59
59
59
59
59
59
60
60
60
60
60
60
61
61
61
61
61
61
61
61
62
62
62
62
62
62
62
63
63
63
63
63
63
64
64
64
64
64
64
64
64
65
65
65
65
65
65
66
66
66
66
66
66
66
66
66
67
67
67
67
68
68
68
68
69
69
69
70
70
70
70
70
71
71
71
71
71
71
72
72
72
72
73
73
73
73
73
73
73
73
73
74
74
74
74
74
74
74
74
74
75
75
75
75
75
75
75
75
75
75
75
76
76
76
76
76
77
77
77
77
77
77
77
77
78
78
78
78
78
78
78
78
78
78
78
78
78
79
79
79
79
79
79
79
80
80
80
80
80
80
80
81
81
81
81
82
82
82
82
82
82
82
83
83
83
83
83
83
84
84
84
84
84
84
84
85
85
85
86
86
87
87
87
87
87
87
88
88
88
88
88
88
88
89
89
89
89
89
89
89
91
91
92
92
92
92
93
93
93
93
93
93
93
94
94
94
94
94
94
94
94
95
95
95
95
95
95
95
95
95
96
96
96
96
96
96
97
97
97
97
97
97
97
97
97
98
98
98
98
98
98
99
99
99
99
99
99
101
102
102
102
103
104
104
104
105
106
107
107
108
109
109
110
110
112
112
112
112
117
118
118
119
119
119
120
120
120
120
121
121
121
121
122
122
122
123
124
125
126
126
127
128
128
129
130
130
131
131
131
131
132
132
132
133
133
133
133
133
133
134
134
134
135
136
136
137
140
141
142
142
142
143
143
144
144
144
144
148
149
149
149
149
150
151
151
152
152
154
154
155
155
155
156
157
158
158
158
158
159
161
161
163
164
164
165
166
166
167
167
167
168
168
170
172
173
174
175
176
176
177
177
178
178
179
180
180
182
182
184
185
185
185
189
189
189
190
191
191
192
193
193
193
195
196
196
197
200
200
200
202
202
202
203
203
205
205
206
206
207
207
208
208
208
208
209
210
211
212
212
212
212
212
212
212
212
213
213
214
215
216
218
218
218
219
219
220
221
221
223
223
223
224
226
227
227
227
228
230
232
232
233
234
234
234
235
236
237
237
237
239
239
239
240
240
241
241
241
241
242
242
243
244
244
246
246
247
247
248
249
249
250
250
251
251
251
253
255
255
256
256
256
258
258
260
260
261
261
262
265
265
265
266
266
266
267
267
268
270
270
270
271
271
271
272
272
273
273
274
275
277
278
279
279
279
280
281
284
284
284
285
285
286
286
287
288
288
288
288
288
289
290
291
291
291
291
292
293
293
293
293
293
294
294
294
295
295
296
296
297
297
297
297
298
298
299
299
300
301
301
301
301
303
304
304
304
305
305
305
306
306
307
309
309
310
310
312
312
313
313
313
313
313
313
314
314
314
314
314
315
315
316
316
317
317
317
317
317
318
319
319
320
323
323
323
324
324
324
324
324
325
325
326
327
327
327
327
327
328
328
328
328
328
331
332
332
332
333
333
334
334
335
335
337
338
339
340
340
340
341
342
343
344
344
344
344
345
347
347
347
348
349
350
351
351
351
352
353
353
354
354
354
354
354
355
356
356
356
357
358
358
359
360
361
363
363
364
366
367
368
368
369
369
370
370
372
372
373
374
374
374
375
376
376
376
377
377
377
378
380
380
381
381
381
381
382
383
384
384
384
385
385
386
388
389
390
390
391
394
394
394
394
395
396
397
397
399
399
400
400
400
401
402
402
403
404
404
405
406
406
408
408
410
413
414
414
414
415
416
416
418
419
422
422
423
424
424
425
425
426
426
426
427
427
428
428
428
428
429
429
430
431
433
433
433
433
434
434
434
434
435
436
436
436
436
437
437
437
438
438
439
439
440
443
444
444
445
446
446
448
449
449
450
450
450
451
452
455
456
458
459
459
459
460
460
461
461
462
462
462
462
463
463
463
464
464
465
466
466
467
468
468
469
469
469
470
471
472
473
473
474
474
476
477
479
480
480
480
480
482
483
483
483
484
484
486
488
489
489
489
490
490
491
491
491
491
492
492
492
493
493
493
494
494
494
496
497
498
498
498
499
499
500
500
500
501
502
502
502
503
503
503
504
504
505
506
507
508
510
510
511
512
513
513
514
516
516
516
516
516
516
517
517
517
518
519
521
521
522
522
522
522
522
523
525
525
525
525
527
527
528
528
528
528
529
529
529
530
530
530
531
532
532
532
533
533
533
534
535
535
538
538
539
539
539
540
540
541
541
541
541
542
542
545
546
546
546
546
547
547
548
549
549
549
550
551
551
552
553
553
554
554
554
555
556
556
558
559
560
560
561
561
562
562
563
564
564
565
565
565
566
567
567
568
568
568
569
569
569
569
570
570
570
571
573
573
574
574
575
578
581
581
581
582
583
583
584
584
585
585
585
586
586
587
587
587
587
587
588
588
588
589
589
590
590
591
592
592
592
595
596
596
599
601
602
602
602
602
603
603
603
603
604
604
604
605
605
606
606
607
608
609
609
610
610
611
611
612
613
616
617
618
618
619
619
620
620
622
623
623
624
624
625
628
628
629
629
630
630
631
633
634
636
636
636
637
637
637
638
638
638
640
640
641
641
642
642
644
645
645
647
647
647
648
649
650
650
650
650
651
652
652
653
654
655
656
657
657
657
658
658
659
659
659
660
661
662
662
662
662
662
663
664
665
666
666
666
666
667
670
671
671
673
673
674
676
677
677
678
679
680
680
681
683
683
685
686
686
686
686
688
689
689
689
690
691
691
692
693
693
694
694
694
695
695
695
697
699
700
701
703
703
705
706
706
706
707
707
708
708
708
709
709
709
709
710
711
711
711
712
712
713
714
714
714
715
715
716
716
716
717
717
718
718
718
719
720
720
720
720
721
721
725
725
725
726
728
729
729
729
730
730
731
733
733
734
736
737
738
738
739
740
741
741
742
743
743
744
745
746
746
746
746
746
748
749
749
749
749
750
750
751
751
751
753
754
755
755
757
757
758
758
759
759
760
760
760
761
761
761
761
762
763
764
765
766
766
767
767
770
772
772
773
773
773
774
774
775
776
776
776
777
778
778
778
779
780
782
784
784
785
785
785
786
787
788
789
789
789
790
791
792
792
792
792
793
793
793
794
794
796
797
799
799
800
800
800
800
801
801
801
802
802
802
802
803
803
804
805
807
808
808
809
810
810
812
813
813
813
814
815
815
815
816
816
817
817
818
820
820
822
822
822
823
824
824
825
825
829
830
830
830
831
831
831
832
834
835
835
836
836
836
836
837
838
838
838
839
839
839
840
841
843
843
843
844
844
845
845
847
847
847
848
848
849
850
850
852
855
855
856
857
858
858
858
858
859
859
860
861
861
861
861
863
864
864
865
865
866
866
866
868
868
869
869
869
869
870
870
870
870
872
872
873
873
875
875
875
876
877
877
878
879
880
880
882
883
884
884
885
885
887
888
888
889
890
890
891
892
892
893
896
896
897
898
899
899
900
900
901
902
903
904
905
907
907
908
911
911
912
912
913
913
913
915
915
917
919
919
920
920
920
921
921
922
923
924
924
925
925
925
928
928
929
930
930
931
931
931
933
936
937
938
938
938
938
939
939
941
941
941
941
942
944
944
944
944
945
945
945
945
946
946
947
947
947
948
951
952
953
953
954
954
954
955
956
956
957
958
958
958
959
959
959
959
960
960
960
960
961
961
962
962
962
962
963
963
963
964
964
965
965
965
966
966
968
968
968
968
969
970
970
971
971
971
972
972
973
975
975
975
976
976
977
977
978
979
979
980
980
981
981
983
983
983
984
985
985
988
988
988
988
989
989
989
989
990
991
991
992
992
993
993
993
993
994
995
995
996
996
997
997
997
998
998
998
998
999
999
1001
1002
1005
1006
1006
1006
1008
1009
1011
1014
1015
1016
1018
1019
1022
1025
1026
1026
1027
1028
1034
1034
1035
1039
1039
1041
1042
1043
1046
1047
1055
1058
1061
1066
1067
1068
1068
1072
1072
1073
1074
1076
1078
1081
1082
1085
1085
1087
1088
1089
1092
1092
1094
1097
1101
1103
1106
1107
1107
1108
1109
1114
1115
1116
1118
1118
1119
1120
1124
1125
1129
1132
1134
1137
1138
1139
1141
1145
1145
1146
1147
1150
1150
1150
1152
1155
1156
1156
1158
1159
1159
1163
1163
1164
1164
1164
1168
1170
1170
1174
1180
1180
1181
1183
1183
1187
1188
1188
1188
1189
1192
1193
1194
1195
1197
1198
1198
1200
1201
1203
1204
1205
1206
1211
1215
1217
1220
1220
1222
1224
1226
1227
1228
1229
1230
1230
1230
1231
1232
1237
1237
1238
1238
1240
1242
1247
1249
1252
1253
1258
1260
1260
1262
1264
1264
1266
1268
1269
1274
1276
1276
1279
1279
1281
1283
1283
1285
1286
1286
1288
1294
1295
1295
1295
1302
1303
1306
1314
1316
1318
1319
1323
1324
1324
1325
1328
1330
1331
1333
1335
1336
1339
1340
1341
1341
1342
1343
1345
1349
1352
1353
1354
1359
1361
1362
1363
1365
1365
1366
1367
1368
1368
1369
1373
1378
1380
1383
1383
1386
1387
1391
1391
1393
1395
1395
1396
1399
1400
1407
1408
1411
1413
1414
1416
1417
1420
1421
1424
1425
1428
1429
1434
1434
1443
1448
1448
1448
1448
1449
1451
1452
1452
1454
1459
1459
1459
1461
1464
1465
1467
1467
1468
1469
1469
1474
1475
1478
1478
1480
1486
1487
1488
1489
1490
1490
1491
1496
1496
1497
1497
1497
1502
1504
1505
1511
1513
1514
1514
1516
1521
1526
1528
1531
1533
1536
1537
1542
1542
1542
1543
1544
1547
1549
1553
1554
1559
1561
1562
1571
1572
1572
1572
1573
1574
1576
1576
1576
1576
1579
1580
1580
1582
1583
1583
1587
1590
1591
1592
1595
1597
1599
1599
1599
1600
1600
1601
1603
1603
1605
1608
1609
1611
1612
1613
1617
1619
1620
1620
1621
1623
1624
1625
1626
1629
1630
1633
1634
1635
1639
1639
1639
1640
1643
1644
1645
1646
1647
1647
1648
1649
1650
1651
1653
1653
1655
1655
1656
1656
1656
1656
1659
1661
1663
1663
1667
1667
1668
1668
1669
1671
1672
1673
1676
1676
1677
1678
1681
1682
1683
1684
1689
1689
1692
1694
1697
1698
1699
1699
1701
1702
1702
1702
1704
1704
1704
1707
1710
1711
1713
1714
1714
1715
1716
1718
1720
1722
1722
1722
1722
1724
1726
1726
1727
1731
1732
1732
1735
1736
1738
1738
1740
1741
1741
1744
1745
1745
1747
1749
1749
1750
1752
1753
1755
1755
1760
1760
1765
1768
1768
1769
1770
1770
1771
1773
1774
1775
1777
1779
1783
1783
1784
1785
1787
1788
1789
1791
1792
1792
1792
1795
1797
1800
1800
1801
1802
1808
1809
1810
1811
1812
1812
1813
1814
1815
1817
1817
1818
1820
1821
1821
1824
1826
1828
1829
1829
1832
1834
1837
1839
1840
1840
1843
1845
1846
1849
1850
1850
1855
1855
1856
1856
1857
1857
1857
1858
1860
1860
1863
1863
1864
1865
1867
1869
1870
1871
1871
1872
1874
1874
1875
1888
1888
1892
1895
1895
1896
1899
1899
1899
1900
1901
1902
1906
1910
1913
1913
1915
1915
1915
1916
1917
1918
1918
1918
1919
1920
1920
1922
1925
1925
1925
1926
1928
1933
1933
1933
1935
1935
1937
1938
1939
1940
1945
1946
1948
1948
1949
1950
1953
1954
1954
1959
1961
1961
1964
1965
1965
1966
1968
1970
1970
1973
1975
1978
1980
1982
1984
1984
1989
1990
1991
1995
1998
2000
2004
2004
2007
2007
2009
2009
2009
2014
2014
2014
2014
2016
2016
2019
2020
2020
2021
2025
2026
2029
2029
2030
2030
2032
2033
2034
2035
2036
2037
2037
2040
2041
2042
2045
2054
2056
2057
2057
2057
2058
2063
2064
2066
2067
2072
2073
2075
2077
2077
2077
2079
2079
2080
2082
2083
2087
2089
2093
2095
2098
2101
2101
2101
2102
2106
2106
2112
2112
2114
2114
2117
2118
2118
2118
2122
2122
2123
2125
2126
2126
2129
2129
2133
2138
2139
2141
2142
2146
2147
2148
2148
2149
2150
2157
2159
2159
2160
2161
2162
2164
2167
2167
2169
2169
2171
2172
2177
2180
2183
2185
2185
2188
2189
2190
2190
2191
2191
2195
2199
2201
2204
2205
2205
2210
2214
2215
2216
2220
2220
2224
2227
2234
2234
2237
2238
2239
2241
2246
2247
2247
2248
2249
2250
2252
2256
2256
2258
2258
2261
2262
2263
2266
2267
2269
2269
2270
2270
2274
2274
2275
2276
2276
2277
2283
2284
2284
2285
2286
2290
2294
2295
2296
2297
2298
2298
2302
2302
2303
2309
2309
2311
2314
2314
2314
2315
2316
2318
2323
2326
2327
2327
2332
2336
2337
2338
2339
2340
2343
2344
2348
2350
2350
2351
2352
2359
2359
2360
2360
2361
2362
2363
2364
2364
2368
2369
2373
2373
2376
2376
2378
2382
2382
2384
2385
2386
2387
2388
2388
2389
2391
2395
2396
2398
2398
2399
2400
2400
2401
2403
2404
2405
2406
2406
2410
2411
2412
2413
2414
2414
2423
2423
2425
2435
2435
2437
2440
2440
2442
2443
2445
2451
2455
2455
2458
2462
2463
2465
2467
2470
2472
2473
2473
2474
2475
2476
2478
2479
2479
2483
2483
2485
2487
2490
2490
2491
2492
2492
2493
2496
2496
2496
2499
2509
2510
2511
2511
2512
2513
2513
2514
2518
2520
2521
2524
2524
2524
2525
2526
2529
2530
2531
2532
2532
2534
2537
2539
2539
2542
2544
2546
2549
2549
2552
2553
2554
2555
2555
2556
2557
2558
2559
2561
2563
2563
2566
2567
2569
2569
2572
2578
2578
2583
2584
2586
2588
2590
2592
2596
2596
2600
2601
2602
2602
2603
2608
2608
2609
2609
2610
2611
2612
2613
2614
2615
2619
2621
2622
2623
2623
2624
2628
2628
2629
2630
2631
2632
2636
2641
2641
2643
2643
2646
2647
2648
2648
2648
2648
2650
2652
2654
2656
2659
2660
2662
2662
2665
2666
2666
2667
2674
2677
2680
2680
2684
2687
2691
2693
2694
2694
2695
2696
2696
2700
2701
2702
2702
2703
2703
2704
2706
2707
2707
2714
2716
2716
2718
2719
2724
2725
2728
2728
2730
2731
2734
2740
2740
2741
2743
2743
2743
2743
2747
2747
2750
2752
2753
2754
2755
2759
2761
2761
2762
2762
2764
2768
2770
2770
2771
2772
2773
2774
2775
2777
2779
2779
2780
2783
2784
2794
2795
2795
2796
2797
2797
2800
2802
2803
2805
2805
2805
2809
2809
2809
2809
2810
2813
2814
2815
2816
2818
2819
2820
2825
2826
2830
2831
2835
2835
2836
2837
2838
2840
2841
2844
2845
2846
2850
2851
2855
2857
2857
2858
2858
2859
2859
2861
2861
2863
2865
2868
2872
2873
2875
2877
2879
2880
2880
2881
2886
2889
2892
2892
2895
2896
2900
2901
2901
2901
2902
2903
2904
2905
2906
2910
2912
2915
2922
2923
2923
2924
2925
2927
2928
2929
2930
2932
2933
2934
2941
2941
2946
2948
2950
2952
2955
2955
2955
2956
2957
2958
2958
2959
2963
2965
2965
2967
2967
2970
2976
2978
2979
2979
2981
2982
2983
2983
2985
2989
2989
2991
2994
2995
2995
2997
2997
2997
3002
3005
3008
3010
3014
3017
3018
3018
3022
3023
3027
3028
3033
3034
3036
3041
3041
3045
3045
3052
3053
3053
3057
3062
3063
3064
3065
3069
3069
3070
3071
3072
3073
3073
3074
3075
3076
3077
3083
3084
3085
3086
3086
3087
3091
3091
3092
3092
3092
3093
3093
3094
3096
3101
3102
3103
3103
3104
3105
3108
3109
3111
3114
3121
3122
3123
3126
3128
3128
3129
3129
3130
3130
3132
3138
3142
3144
3145
3145
3151
3151
3154
3157
3157
3159
3160
3165
3165
3166
3171
3172
3173
3177
3177
3178
3179
3180
3182
3183
3188
3188
3189
3192
3192
3195
3195
3197
3197
3197
3198
3202
3206
3206
3208
3210
3210
3212
3212
3214
3216
3218
3219
3220
3220
3220
3221
3222
3222
3223
3224
3224
3225
3226
3226
3226
3227
3228
3229
3230
3232
3234
3237
3237
3237
3237
3239
3240
3240
3242
3244
3247
3247
3252
3252
3253
3253
3259
3260
3261
3262
3263
3267
3271
3273
3273
3277
3277
3279
3280
3285
3287
3288
3293
3295
3296
3297
3298
3298
3302
3303
3303
3303
3306
3309
3315
3316
3316
3317
3319
3320
3322
3322
3323
3325
3325
3326
3328
3331
3331
3334
3336
3345
3346
3346
3348
3351
3354
3359
3360
3360
3360
3362
3362
3363
3363
3363
3366
3369
3370
3372
3373
3375
3378
3379
3381
3383
3385
3385
3386
3388
3395
3398
3399
3399
3399
3401
3402
3402
3404
3404
3404
3405
3408
3410
3414
3415
3416
3418
3419
3421
3421
3425
3426
3426
3428
3430
3431
3436
3437
3437
3438
3440
3440
3442
3445
3446
3448
3448
3448
3451
3452
3453
3454
3455
3456
3458
3459
3461
3461
3462
3463
3468
3474
3475
3476
3478
3479
3479
3480
3482
3483
3485
3498
3499
3500
3501
3502
3508
3509
3510
3513
3516
3518
3520
3522
3523
3523
3524
3525
3526
3529
3531
3531
3531
3536
3537
3540
3541
3542
3543
3544
3544
3545
3548
3549
3549
3553
3557
3561
3561
3565
3566
3567
3567
3568
3569
3572
3580
3581
3582
3586
3588
3588
3591
3593
3594
3595
3600
3603
3605
3606
3607
3613
3613
3616
3618
3622
3623
3624
3628
3629
3630
3632
3633
3634
3639
3640
3642
3643
3644
3645
3645
3646
3650
3650
3651
3655
3662
3663
3664
3665
3666
3667
3668
3672
3673
3675
3678
3682
3683
3684
3685
3685
3685
3687
3688
3691
3693
3698
3698
3700
3701
3701
3701
3703
3704
3708
3709
3711
3712
3713
3716
3717
3718
3718
3724
3725
3729
3731
3732
3734
3734
3735
3735
3738
3741
3744
3747
3752
3752
3753
3756
3758
3758
3760
3761
3761
3763
3764
3767
3768
3768
3770
3772
3772
3773
3776
3779
3780
3784
3785
3785
3788
3790
3790
3790
3791
3791
3792
3794
3795
3803
3803
3810
3819
3820
3824
3825
3825
3826
3830
3834
3838
3846
3854
3855
3857
3858
3858
3861
3865
3867
3867
3868
3868
3873
3873
3874
3878
3878
3879
3881
3882
3883
3883
3890
3890
3892
3895
3897
3897
3897
3901
3905
3905
3905
3906
3910
3911
3916
3916
3917
3919
3919
3921
3923
3924
3925
3925
3926
3930
3931
3931
3935
3939
3940
3940
3940
3951
3954
3955
3957
3957
3959
3960
3961
3961
3963
3965
3967
3968
3969
3975
3979
3979
3980
3983
3986
3986
3988
3988
3991
3993
3994
3994
3998
3998
3998
4000
4003
4004
4008
4008
4016
4020
4022
4027
4028
4030
4033
4036
4038
4041
4041
4043
4047
4053
4055
4057
4061
4061
4064
4067
4068
4068
4072
4074
4076
4082
4082
4083
4084
4086
4087
4090
4091
4091
4092
4092
4094
4097
4097
4098
4098
4100
4102
4104
4106
4107
4108
4110
4111
4112
4114
4116
4116
4118
4121
4122
4124
4126
4127
4128
4129
4130
4130
4133
4139
4143
4143
4145
4149
4149
4149
4151
4151
4155
4160
4162
4163
4164
4165
4165
4165
4167
4168
4169
4174
4174
4177
4177
4180
4184
4184
4185
4186
4189
4191
4193
4197
4202
4209
4214
4216
4216
4216
4217
4217
4218
4219
4219
4219
4221
4224
4227
4227
4228
4232
4236
4236
4238
4239
4242
4242
4242
4243
4244
4245
4246
4247
4249
4250
4251
4252
4255
4255
4256
4259
4259
4259
4261
4264
4270
4273
4273
4276
4282
4283
4283
4285
4286
4287
4290
4293
4293
4296
4297
4297
4299
4301
4304
4308
4308
4314
4314
4315
4317
4318
4327
4328
4328
4332
4333
4334
4337
4341
4343
4344
4345
4348
4348
4348
4353
4354
4356
4356
4357
4359
4359
4359
4362
4363
4364
4365
4366
4374
4375
4377
4379
4380
4381
4381
4381
4382
4382
4383
4383
4384
4386
4389
4389
4390
4393
4393
4401
4404
4404
4405
4405
4407
4407
4408
4414
4415
4416
4416
4416
4420
4421
4423
4424
4425
4425
4425
4427
4429
4432
4433
4433
4436
4437
4437
4440
4443
4447
4449
4451
4453
4453
4458
4461
4463
4464
4465
4466
4467
4468
4470
4470
4473
4474
4475
4475
4478
4478
4479
4479
4481
4483
4483
4484
4487
4489
4489
4489
4492
4493
4494
4496
4504
4504
4504
4504
4505
4511
4511
4512
4517
4519
4523
4523
4523
4524
4524
4526
4529
4530
4530
4530
4532
4532
4537
4537
4538
4538
4538
4544
4544
4546
4549
4549
4553
4555
4559
4561
4563
4568
4570
4570
4570
4571
4572
4574
4575
4577
4579
4580
4581
4582
4584
4587
4588
4590
4593
4595
4596
4597
4597
4598
4598
4600
4600
4601
4603
4607
4607
4612
4612
4612
4614
4614
4615
4616
4620
4624
4625
4625
4627
4628
4628
4631
4634
4635
4637
4638
4640
4641
4644
4647
4649
4651
4651
4653
4654
4657
4658
4658
4658
4661
4662
4663
4665
4673
4673
4674
4675
4676
4685
4685
4685
4686
4687
4688
4689
4691
4692
4699
4700
4706
4709
4710
4715
4721
4722
4723
4724
4727
4727
4730
4732
4734
4736
4736
4737
4738
4739
4745
4746
4748
4751
4754
4756
4756
4757
4757
4763
4764
4765
4766
4767
4768
4768
4769
4770
4771
4772
4772
4773
4774
4777
4778
4779
4781
4781
4782
4784
4788
4791
4791
4793
4798
4799
4805
4806
4808
4811
4813
4818
4820
4821
4822
4826
4827
4830
4830
4830
4835
4836
4840
4841
4842
4843
4844
4844
4852
4853
4853
4855
4855
4856
4856
4857
4858
4861
4862
4865
4865
4869
4870
4870
4872
4874
4877
4881
4881
4882
4883
4885
4885
4888
4890
4891
4892
4896
4898
4898
4899
4901
4901
4902
4912
4913
4914
4915
4917
4917
4918
4923
4925
4926
4927
4927
4931
4932
4934
4934
4935
4935
4936
4937
4937
4939
4939
4945
4947
4948
4953
4953
4957
4958
4959
4959
4959
4961
4961
4966
4968
4968
4970
4970
4972
4974
4974
4976
4978
4978
4980
4981
4981
4984
4984
4985
4987
4987
4990
4994
4994
4995
4997
4999
4999
5000
5001
5002
5003
5004
5006
5007
5007
5011
5012
5014
5015
5016
5016
5018
5019
5024
5025
5027
5028
5032
5035
5037
5038
5039
5039
5041
5042
5043
5043
5043
5046
5046
5053
5056
5057
5058
5058
5059
5064
5065
5065
5067
5070
5070
5070
5074
5075
5075
5075
5076
5076
5078
5079
5079
5080
5083
5087
5090
5091
5092
5097
5101
5102
5103
5106
5109
5109
5109
5111
5111
5111
5112
5116
5116
5119
5120
5121
5122
5125
5125
5126
5126
5126
5127
5129
5132
5132
5133
5134
5142
5143
5145
5145
5147
5149
5150
5150
5154
5155
5156
5159
5160
5161
5164
5167
5167
5168
5172
5173
5174
5177
5177
5177
5179
5182
5183
5183
5185
5185
5185
5188
5189
5192
5195
5197
5200
5201
5202
5203
5207
5207
5208
5210
5212
5214
5215
5217
5217
5218
5222
5224
5224
5225
5225
5228
5228
5231
5232
5233
5237
5238
5239
5240
5240
5241
5241
5243
5246
5246
5249
5256
5258
5261
5262
5265
5267
5269
5271
5272
5273
5273
5276
5277
5277
5278
5278
5278
5283
5283
5283
5285
5287
5288
5289
5289
5293
5294
5295
5299
5300
5301
5302
5302
5304
5305
5305
5308
5310
5314
5316
5318
5318
5319
5319
5320
5320
5321
5323
5327
5331
5332
5332
5332
5334
5335
5337
5339
5340
5343
5344
5345
5345
5346
5347
5354
5354
5355
5360
5361
5364
5364
5367
5370
5375
5375
5379
5379
5380
5381
5381
5381
5383
5383
5385
5386
5389
5391
5391
5391
5400
5400
5402
5403
5404
5407
5410
5412
5417
5417
5418
5422
5423
5425
5430
5432
5435
5436
5437
5438
5442
5443
5452
5453
5454
5455
5456
5458
5458
5459
5460
5461
5462
5463
5464
5464
5466
5467
5470
5472
5473
5473
5476
5480
5484
5488
5488
5488
5489
5489
5492
5492
5493
5494
5495
5498
5499
5500
5501
5502
5504
5505
5513
5514
5516
5516
5516
5517
5517
5517
5518
5518
5518
5520
5521
5523
5523
5523
5524
5525
5527
5528
5529
5529
5530
5532
5534
5535
5536
5537
5538
5542
5544
5546
5547
5548
5550
5551
5553
5556
5560
5561
5567
5569
5569
5570
5571
5571
5571
5575
5578
5580
5584
5585
5586
5587
5587
5592
5593
5596
5596
5597
5597
5601
5601
5602
5606
5607
5609
5610
5614
5616
5616
5622
5624
5625
5626
5631
5636
5636
5637
5637
5638
5638
5639
5639
5642
5643
5645
5645
5648
5650
5651
5651
5652
5653
5658
5658
5658
5659
5661
5662
5666
5667
5668
5668
5670
5670
5673
5673
5674
5677
5679
5680
5683
5685
5686
5686
5686
5693
5695
5696
5697
5703
5703
5704
5705
5710
5712
5712
5713
5714
5715
5716
5717
5718
5720
5721
5722
5725
5726
5726
5727
5727
5730
5732
5734
5734
5738
5741
5743
5745
5747
5748
5748
5751
5751
5753
5755
5756
5757
5762
5762
5763
5763
5765
5765
5766
5769
5770
5771
5771
5782
5786
5789
5792
5793
5797
5799
5802
5805
5806
5806
5808
5809
5811
5813
5813
5816
5817
5819
5823
5823
5823
5824
5828
5833
5833
5833
5837
5839
5839
5840
5841
5844
5845
5847
5848
5849
5849
5849
5850
5851
5851
5854
5856
5860
5860
5861
5862
5862
5863
5863
5864
5866
5867
5868
5869
5871
5872
5873
5874
5874
5874
5874
5876
5877
5884
5884
5884
5888
5889
5890
5890
5891
5891
5898
5905
5907
5910
5911
5913
5913
5915
5919
5919
5920
5927
5927
5928
5930
5931
5933
5935
5936
5938
5938
5938
5940
5942
5945
5946
5948
5948
5952
5953
5955
5958
5958
5964
5965
5967
5967
5970
5970
5970
5973
5975
5977
5978
5979
5979
5982
5983
5985
5986
5993
5994
5994
5998
5998
5999
6000
6000
6003
6005
6008
6013
6018
6018
6019
6021
6025
6025
6025
6027
6029
6032
6033
6035
6039
6042
6043
6045
6046
6047
6048
6048
6050
6051
6051
6052
6053
6054
6059
6059
6066
6067
6069
6069
6070
6073
6073
6075
6076
6079
6080
6080
6084
6084
6084
6085
6085
6090
6093
6093
6098
6098
6103
6104
6105
6109
6111
6118
6119
6122
6123
6128
6128
6133
6135
6135
6136
6137
6137
6138
6139
6139
6140
6140
6141
6142
6144
6146
6147
6149
6150
6152
6154
6155
6157
6158
6160
6162
6166
6166
6168
6170
6172
6172
6172
6175
6176
6177
6178
6179
6181
6181
6187
6188
6188
6190
6191
6192
6192
6194
6197
6201
6201
6202
6202
6203
6203
6205
6206
6207
6211
6213
6213
6216
6217
6219
6219
6221
6226
6227
6227
6227
6228
6229
6231
6233
6233
6233
6235
6238
6238
6239
6240
6241
6243
6244
6245
6248
6252
6252
6254
6254
6255
6256
6256
6257
6257
6260
6260
6261
6264
6264
6266
6268
6269
6272
6273
6273
6273
6273
6273
6274
6275
6278
6282
6284
6285
6287
6287
6288
6291
6293
6297
6297
6302
6304
6306
6307
6307
6312
6319
6321
6322
6324
6327
6334
6334
6335
6335
6338
6341
6344
6348
6349
6352
6352
6354
6354
6354
6355
6357
6357
6358
6361
6363
6363
6363
6364
6367
6368
6370
6372
6373
6373
6377
6377
6381
6382
6382
6385
6385
6386
6386
6387
6390
6390
6390
6390
6391
6392
6397
6398
6399
6400
6400
6404
6408
6408
6409
6409
6409
6409
6410
6414
6414
6415
6416
6416
6418
6420
6420
6421
6421
6427
6427
6429
6429
6429
6432
6433
6438
6441
6444
6445
6446
6448
6449
6452
6454
6456
6456
6461
6462
6463
6470
6471
6471
6474
6475
6476
6477
6479
6479
6480
6480
6481
6481
6483
6485
6487
6490
6491
6492
6495
6497
6497
6501
6502
6509
6511
6513
6514
6514
6518
6519
6522
6523
6523
6526
6529
6530
6530
6531
6533
6543
6553
6555
6556
6556
6561
6561
6561
6564
6564
6572
6574
6577
6579
6580
6581
6582
6582
6586
6586
6586
6590
6592
6592
6593
6593
6593
6597
6598
6599
6602
6603
6603
6605
6612
6612
6615
6616
6617
6617
6618
6622
6624
6627
6629
6629
6631
6633
6636
6637
6638
6643
6643
6645
6647
6648
6652
6657
6659
6660
6660
6662
6663
6664
6664
6665
6667
6667
6667
6670
6673
6673
6674
6678
6678
6679
6680
6688
6691
6693
6694
6695
6697
6697
6700
6700
6701
6701
6702
6706
6708
6709
6715
6715
6719
6720
6721
6723
6725
6727
6728
6729
6734
6737
6738
6739
6739
6740
6741
6742
6742
6743
6744
6744
6745
6745
6746
6749
6750
6750
6751
6752
6753
6756
6757
6761
6761
6766
6768
6771
6771
6771
6772
6777
6779
6780
6782
6785
6786
6789
6791
6793
6793
6793
6794
6795
6796
6797
6797
6799
6805
6807
6807
6812
6812
6813
6815
6815
6816
6820
6820
6821
6824
6826
6828
6829
6831
6831
6832
6834
6837
6839
6841
6843
6845
6848
6848
6850
6851
6851
6853
6854
6855
6857
6867
6868
6868
6870
6873
6874
6874
6882
6884
6886
6886
6889
6895
6895
6897
6898
6901
6903
6906
6909
6910
6911
6911
6912
6915
6920
6925
6925
6926
6926
6927
6929
6929
6930
6931
6933
6935
6938
6938
6938
6940
6942
6942
6946
6951
6951
6954
6954
6959
6959
6962
6962
6963
6964
6965
6967
6967
6968
6969
6969
6970
6977
6977
6980
6980
6981
6982
6986
6987
6987
6991
6991
6994
6994
6997
6999
7000
7000
7001
7014
7014
7015
7016
7017
7018
7020
7022
7026
7030
7031
7032
7037
7038
7039
7040
7044
7048
7049
7049
7050
7051
7060
7060
7063
7065
7066
7067
7068
7069
7070
7074
7076
7076
7079
7082
7084
7084
7085
7086
7087
7089
7091
7092
7092
7094
7094
7095
7096
7097
7102
7103
7106
7107
7107
7108
7109
7114
7116
7120
7121
7126
7126
7128
7130
7130
7131
7132
7134
7136
7137
7140
7141
7141
7143
7143
7144
7145
7146
7149
7149
7150
7150
7151
7152
7157
7158
7158
7158
7158
7159
7159
7160
7163
7164
7168
7169
7174
7176
7178
7178
7181
7187
7192
7195
7196
7197
7200
7202
7202
7204
7206
7208
7209
7209
7212
7214
7215
7217
7217
7220
7220
7222
7224
7224
7227
7227
7228
7228
7232
7232
7235
7236
7243
7246
7247
7248
7248
7249
7249
7250
7251
7252
7252
7254
7256
7257
7258
7260
7261
7261
7262
7266
7268
7270
7275
7278
7278
7279
7279
7280
7283
7284
7284
7284
7285
7286
7287
7292
7292
7293
7295
7296
7296
7300
7301
7303
7304
7304
7306
7307
7307
7310
7310
7311
7312
7315
7317
7317
7317
7321
7324
7325
7327
7333
7336
7341
7343
7348
7350
7352
7353
7355
7356
7356
7356
7356
7362
7363
7363
7366
7370
7371
7374
7374
7376
7377
7383
7383
7383
7384
7387
7394
7398
7399
7400
7402
7405
7406
7406
7409
7409
7414
7416
7417
7418
7419
7419
7420
7423
7426
7427
7428
7429
7431
7433
7433
7434
7434
7439
7441
7441
7441
7442
7444
7444
7445
7445
7446
7450
7451
7452
7455
7456
7456
7459
7461
7461
7462
7462
7462
7464
7465
7466
7466
7466
7470
7470
7470
7473
7475
7475
7476
7479
7479
7485
7488
7488
7489
7489
7491
7491
7494
7495
7497
7497
7497
7498
7499
7499
7502
7503
7506
7507
7508
7512
7514
7519
7521
7521
7521
7522
7524
7525
7526
7529
7530
7531
7534
7535
7536
7539
7543
7543
7546
7547
7550
7553
7554
7556
7557
7558
7560
7560
7562
7563
7564
7567
7569
7569
7569
7570
7573
7574
7575
7575
7576
7581
7583
7583
7586
7590
7590
7591
7592
7592
7596
7597
7597
7598
7601
7605
7609
7609
7612
7612
7614
7616
7617
7617
7625
7632
7637
7638
7639
7642
7643
7644
7647
7647
7650
7657
7657
7657
7657
7658
7659
7667
7668
7670
7671
7672
7676
7677
7683
7683
7684
7684
7684
7685
7685
7686
7686
7692
7695
7696
7696
7696
7697
7700
7701
7704
7706
7708
7710
7714
7715
7719
7720
7722
7724
7732
7733
7735
7735
7735
7735
7736
7737
7739
7741
7741
7743
7743
7744
7747
7750
7751
7752
7752
7753
7753
7754
7756
7758
7758
7759
7762
7762
7770
7770
7772
7772
7775
7781
7781
7782
7786
7790
7791
7791
7791
7792
7796
7799
7799
7802
7804
7805
7805
7809
7812
7813
7813
7815
7816
7818
7818
7819
7823
7824
7826
7829
7830
7834
7836
7836
7840
7840
7840
7840
7841
7841
7841
7846
7849
7850
7851
7851
7853
7854
7854
7856
7856
7858
7860
7862
7862
7867
7867
7871
7879
7881
7882
7883
7883
7884
7886
7887
7889
7890
7893
7896
7896
7896
7900
7901
7903
7903
7905
7906
7911
7912
7913
7915
7916
7917
7918
7919
7920
7921
7922
7924
7925
7925
7927
7928
7930
7932
7932
7932
7933
7935
7935
7936
7942
7944
7945
7947
7947
7952
7952
7955
7956
7956
7958
7958
7958
7960
7962
7964
7965
7965
7967
7969
7969
7970
7971
7973
7973
7973
7975
7977
7980
7981
7982
7983
7986
7989
7989
7990
7991
7993
7995
7996
7998
8000
8000
8001
8005
8008
8009
8010
8011
8011
8014
8015
8016
8018
8022
8023
8024
8025
8028
8034
8035
8036
8037
8038
8046
8048
8050
8051
8052
8052
8056
8056
8060
8060
8062
8063
8065
8066
8066
8067
8068
8068
8069
8070
8070
8070
8076
8076
8076
8080
8081
8084
8085
8087
8089
8089
8093
8095
8095
8096
8097
8100
8102
8102
8106
8107
8108
8109
8110
8110
8111
8111
8115
8118
8119
8120
8120
8123
8123
8125
8126
8126
8128
8129
8131
8134
8136
8138
8141
8148
8148
8153
8156
8156
8158
8162
8165
8166
8166
8167
8168
8168
8168
8169
8179
8180
8183
8184
8184
8186
8186
8186
8192
8192
8195
8196
8197
8201
8201
8201
8201
8207
8209
8221
8221
8224
8225
8229
8229
8230
8232
8236
8238
8238
8239
8239
8240
8242
8242
8242
8243
8247
8249
8253
8253
8256
8256
8256
8257
8257
8259
8259
8259
8260
8261
8265
8268
8268
8269
8269
8273
8279
8280
8281
8282
8285
8285
8285
8287
8288
8288
8292
8299
8300
8302
8302
8305
8305
8307
8308
8308
8308
8309
8309
8309
8310
8311
8313
8315
8319
8319
8320
8322
8325
8329
8334
8338
8339
8339
8342
8344
8345
8347
8349
8350
8352
8352
8353
8355
8357
8359
8360
8361
8361
8362
8364
8364
8365
8365
8365
8366
8376
8377
8379
8380
8381
8382
8382
8383
8384
8385
8385
8389
8390
8393
8395
8398
8398
8399
8400
8402
8402
8404
8404
8406
8406
8407
8409
8410
8413
8416
8420
8422
8422
8423
8424
8425
8426
8427
8428
8432
8432
8434
8436
8436
8437
8440
8442
8445
8446
8447
8447
8448
8448
8450
8450
8450
8452
8454
8455
8457
8458
8458
8460
8461
8463
8463
8467
8469
8470
8471
8471
8472
8473
8475
8476
8477
8477
8479
8479
8480
8481
8485
8491
8491
8495
8496
8500
8501
8501
8503
8504
8504
8509
8509
8511
8511
8518
8519
8520
8520
8521
8524
8528
8528
8529
8531
8532
8535
8538
8539
8545
8547
8548
8552
8552
8552
8553
8554
8555
8557
8558
8564
8565
8566
8566
8566
8567
8567
8569
8570
8574
8575
8576
8578
8578
8579
8581
8581
8583
8583
8589
8590
8591
8596
8600
8600
8601
8604
8606
8611
8613
8614
8614
8615
8618
8621
8621
8622
8622
8622
8624
8624
8625
8625
8628
8630
8632
8632
8632
8634
8634
8635
8638
8638
8640
8640
8642
8642
8645
8646
8648
8650
8651
8652
8652
8653
8655
8659
8659
8659
8660
8664
8664
8666
8667
8669
8669
8669
8670
8670
8672
8672
8675
8676
8677
8678
8683
8685
8687
8687
8691
8691
8693
8694
8694
8696
8697
8697
8698
8698
8699
8700
8703
8703
8704
8704
8706
8706
8708
8708
8708
8708
8708
8710
8710
8712
8716
8718
8718
8724
8725
8728
8731
8736
8740
8740
8740
8743
8744
8744
8747
8748
8748
8748
8749
8754
8755
8757
8762
8762
8764
8765
8766
8768
8770
8772
8774
8776
8779
8783
8784
8784
8784
8787
8787
8788
8791
8794
8797
8797
8798
8799
8800
8801
8801
8801
8804
8805
8811
8813
8814
8816
8818
8819
8821
8823
8826
8827
8827
8827
8828
8828
8832
8834
8835
8838
8841
8844
8844
8846
8850
8851
8856
8859
8859
8860
8861
8863
8864
8864
8866
8869
8870
8874
8875
8884
8885
8886
8893
8898
8900
8901
8906
8906
8906
8907
8909
8909
8910
8914
8916
8916
8917
8923
8924
8925
8928
8929
8932
8935
8935
8937
8939
8941
8943
8944
8945
8945
8946
8948
8951
8951
8952
8954
8954
8955
8957
8958
8964
8965
8969
8972
8972
8973
8973
8975
8977
8977
8978
8982
8982
8984
8986
8988
8988
8988
8994
8995
8996
8997
8999
8999
9000
9000
9001
9004
9005
9006
9007
9007
9009
9016
9022
9023
9023
9024
9027
9028
9028
9029
9031
9031
9031
9031
9032
9035
9036
9036
9040
9040
9041
9043
9046
9047
9048
9052
9053
9054
9054
9055
9056
9057
9062
9062
9063
9065
9065
9065
9066
9071
9073
9074
9077
9079
9080
9080
9080
9081
9081
9083
9084
9087
9088
9091
9092
9093
9093
9095
9095
9096
9099
9102
9102
9104
9106
9106
9109
9109
9110
9113
9114
9114
9115
9115
9116
9117
9117
9119
9120
9120
9121
9123
9126
9129
9130
9130
9131
9131
9136
9136
9136
9137
9138
9140
9141
9142
9142
9148
9150
9151
9152
9153
9153
9159
9163
9164
9168
9169
9169
9170
9173
9173
9176
9176
9179
9180
9182
9184
9185
9192
9192
9194
9196
9198
9199
9199
9201
9203
9206
9207
9210
9210
9213
9214
9215
9218
9219
9223
9224
9224
9225
9225
9226
9228
9228
9228
9230
9230
9231
9232
9233
9233
9234
9235
9236
9237
9237
9237
9244
9246
9246
9249
9253
9254
9256
9257
9257
9261
9265
9267
9268
9276
9277
9281
9281
9283
9285
9287
9290
9295
9295
9296
9298
9298
9299
9300
9305
9307
9310
9311
9312
9315
9316
9316
9317
9317
9318
9320
9322
9322
9324
9325
9329
9337
9337
9339
9339
9339
9344
9347
9349
9350
9351
9352
9356
9357
9358
9359
9360
9363
9364
9367
9369
9371
9376
9376
9376
9378
9378
9379
9379
9379
9379
9382
9383
9383
9383
9384
9385
9386
9387
9388
9391
9393
9393
9393
9393
9394
9397
9398
9398
9399
9400
9401
9405
9405
9406
9407
9410
9410
9410
9410
9411
9412
9413
9414
9415
9420
9422
9425
9425
9425
9426
9429
9430
9432
9432
9435
9438
9438
9439
9440
9442
9446
9447
9448
9451
9454
9455
9456
9456
9457
9461
9463
9467
9468
9468
9469
9471
9471
9472
9473
9474
9474
9475
9479
9480
9483
9483
9483
9485
9485
9488
9494
9494
9494
9495
9496
9500
9505
9510
9511
9511
9515
9516
9518
9521
9526
9531
9533
9533
9535
9538
9539
9546
9548
9549
9549
9554
9558
9558
9559
9563
9566
9567
9568
9568
9568
9570
9574
9574
9575
9586
9587
9587
9590
9592
9592
9597
9602
9602
9605
9607
9609
9609
9610
9610
9612
9612
9612
9615
9617
9619
9622
9622
9623
9624
9625
9628
9630
9631
9633
9634
9634
9637
9639
9639
9643
9644
9645
9645
9646
9646
9653
9656
9658
9663
9665
9667
9667
9667
9669
9671
9677
9679
9679
9682
9685
9690
9692
9692
9693
9693
9695
9698
9705
9707
9713
9714
9716
9719
9719
9721
9722
9723
9723
9724
9724
9726
9727
9727
9728
9732
9734
9735
9735
9737
9738
9741
9745
9747
9747
9755
9758
9760
9762
9764
9765
9765
9765
9765
9767
9768
9770
9774
9776
9777
9780
9784
9785
9788
9789
9789
9790
9791
9792
9792
9793
9793
9796
9798
9800
9801
9801
9802
9803
9807
9811
9812
9815
9815
9819
9820
9821
9821
9822
9822
9825
9826
9827
9827
9827
9828
9828
9832
9834
9834
9836
9837
9837
9838
9840
9841
9843
9845
9845
9849
9850
9852
9853
9854
9855
9855
9856
9857
9859
9861
9863
9864
9868
9870
9874
9874
9876
9877
9880
9884
9886
9888
9888
9890
9890
9891
9892
9893
9896
9898
9900
9901
9903
9904
9904
9906
9909
9910
9911
9914
9915
9916
9917
9921
9924
9925
9925
9925
9928
9929
9931
9933
9935
9935
9938
9940
9941
9942
9946
9948
9950
9956
9957
9960
9962
9964
9967
9968
9968
9968
9972
9974
9977
9981
9984
9987
9991
9994
9999
10011
10015
10051
10077
10081
10091
10096
10133
10144
10145
10148
10167
10170
10176
10187
10192
10195
10200
10242
10267
10268
10292
10292
10308
10317
10325
10326
10351
10355
10361
10366
10379
10389
10390
10407
10431
10432
10433
10448
10457
10483
10486
10488
10489
10494
10498
10500
10505
10511
10514
10546
10547
10550
10576
10597
10603
10614
10625
10640
10652
10665
10670
10673
10687
10691
10710
10710
10711
10713
10715
10729
10761
10776
10779
10810
10816
10818
10841
10850
10859
10863
10874
10892
10916
10930
10931
10943
10976
10991
11001
11006
11013
11030
11035
11039
11044
11051
11059
11079
11097
11108
11111
11131
11140
11148
11150
11160
11191
11197
11203
11209
11214
11217
11217
11221
11241
11245
11252
11274
11275
11297
11307
11333
11359
11374
11378
11382
11388
11423
11423
11423
11438
11442
11452
11456
11463
11486
11487
11492
11497
11504
11520
11531
11532
11533
11535
11538
11538
11565
11569
11593
11613
11633
11646
11651
11664
11671
11673
11688
11711
11740
11745
11755
11768
11770
11775
11776
11792
11796
11797
11811
11813
11825
11828
11832
11836
11842
11866
11872
11874
11877
11881
11887
11888
11896
11907
11907
11919
11921
11932
11948
11963
11967
11968
11980
11983
11994
11995
12003
12039
12049
12050
12055
12096
12106
12123
12135
12146
12147
12177
12180
12194
12199
12209
12211
12216
12220
12236
12236
12238
12239
12241
12244
12261
12266
12266
12271
12286
12307
12309
12314
12317
12352
12353
12388
12392
12414
12422
12423
12430
12442
12448
12474
12481
12482
12484
12496
12496
12512
12516
12516
12537
12554
12564
12566
12589
12592
12603
12617
12626
12638
12650
12654
12662
12667
12668
12670
12679
12692
12705
12716
12723
12728
12740
12752
12769
12775
12811
12823
12826
12828
12831
12836
12839
12844
12862
12864
12872
12877
12896
12907
12910
12916
12928
12938
12951
12956
12969
12971
12981
13001
13005
13010
13010
13010
13022
13025
13048
13064
13076
13095
13100
13113
13132
13156
13165
13204
13216
13239
13244
13251
13270
13286
13293
13295
13351
13367
13377
13399
13406
13407
13408
13415
13417
13419
13422
13423
13433
13433
13439
13440
13445
13460
13462
13480
13482
13505
13514
13521
13570
13583
13591
13592
13603
13607
13610
13626
13632
13645
13648
13650
13674
13689
13694
13700
13702
13712
13731
13739
13740
13742
13746
13746
13750
13770
13772
13778
13790
13792
13798
13803
13819
13822
13833
13857
13857
13882
13909
13933
13949
13950
13952
13961
13961
13969
13980
13994
14002
14008
14019
14019
14023
14035
14046
14050
14052
14061
14066
14072
14079
14080
14095
14110
14113
14114
14125
14127
14134
14136
14141
14152
14164
14179
14194
14197
14200
14201
14212
14213
14228
14240
14257
14263
14265
14268
14269
14277
14285
14289
14292
14298
14306
14314
14366
14367
14373
14395
14400
14403
14421
14433
14459
14462
14478
14486
14499
14506
14544
14547
14553
14561
14561
14592
14600
14607
14608
14644
14652
14668
14685
14685
14688
14709
14716
14727
14733
14741
14755
14767
14770
14772
14775
14775
14777
14778
14804
14831
14903
14917
14946
14953
14956
14989
14996
15002
15018
15022
15037
15048
15049
15067
15076
15078
15079
15080
15084
15087
15101
15102
15104
15122
15149
15154
15192
15217
15218
15221
15223
15235
15253
15264
15266
15296
15304
15305
15313
15316
15320
15329
15330
15337
15369
15385
15385
15407
15411
15417
15436
15452
15453
15455
15459
15460
15463
15464
15467
15476
15491
15493
15498
15534
15537
15538
15538
15545
15549
15578
15584
15585
15585
15588
15595
15605
15609
15636
15636
15636
15642
15659
15661
15662
15672
15673
15676
15681
15715
15731
15732
15758
15760
15761
15765
15766
15771
15772
15784
15791
15799
15843
15858
15867
15872
15892
15910
15916
15921
15931
15950
15964
15966
15966
15972
15985
16005
16006
16012
16046
16048
16082
16084
16087
16092
16097
16102
16134
16136
16146
16154
16166
16176
16176
16178
16208
16220
16222
16242
16243
16255
16256
16259
16261
16287
16295
16303
16346
16347
16356
16361
16375
16399
16409
16410
16416
16422
16431
16443
16463
16465
16474
16534
16539
16541
16562
16564
16582
16590
16593
16598
16613
16617
16617
16631
16636
16654
16665
16677
16691
16696
16711
16721
16732
16738
16748
16754
16758
16782
16797
16813
16840
16849
16864
16875
16876
16886
16888
16906
16920
16921
16924
16932
16934
16934
16947
16973
16977
16995
16998
17008
17011
17018
17038
17041
17055
17055
17089
17090
17099
17099
17099
17101
17119
17123
17125
17133
17156
17163
17167
17178
17188
17198
17211
17211
17218
17221
17229
17261
17275
17302
17306
17308
17341
17342
17344
17370
17381
17386
17410
17444
17448
17449
17466
17467
17478
17503
17514
17519
17530
17540
17544
17549
17555
17563
17593
17617
17617
17643
17645
17658
17660
17667
17680
17693
17698
17703
17704
17711
17719
17724
17726
17754
17755
17760
17760
17772
17774
17791
17809
17812
17814
17849
17899
17908
17910
17931
17941
17946
17958
17964
17979
17991
17993
18027
18032
18041
18049
18066
18067
18106
18114
18116
18159
18161
18164
18166
18168
18195
18198
18208
18217
18235
18239
18243
18264
18275
18278
18284
18300
18311
18328
18331
18338
18339
18344
18345
18351
18357
18362
18369
18386
18401
18413
18417
18424
18436
18457
18470
18474
18479
18496
18497
18508
18517
18528
18531
18548
18548
18557
18560
18571
18577
18608
18621
18636
18657
18720
18731
18747
18747
18750
18752
18754
18755
18763
18763
18783
18795
18803
18803
18809
18813
18828
18833
18841
18854
18862
18862
18897
18906
18914
18916
18921
18931
18947
18964
18993
19003
19004
19010
19016
19019
19043
19055
19075
19086
19090
19116
19117
19123
19142
19154
19164
19169
19189
19200
19203
19220
19236
19241
19246
19264
19273
19296
19302
19307
19312
19328
19348
19352
19353
19360
19363
19371
19393
19403
19404
19414
19417
19427
19452
19463
19467
19467
19470
19474
19479
19482
19483
19508
19533
19535
19538
19552
19577
19583
19608
19617
19634
19654
19658
19659
19669
19671
19682
19693
19700
19705
19712
19714
19720
19732
19734
19748
19761
19766
19766
19772
19774
19778
19782
19792
19797
19806
19809
19818
19831
19834
19846
19852
19854
19863
19880
19882
19885
19905
19914
19934
19945
19952
19954
19964
19977
19983
20005
20007
20017
20018
20019
20027
20030
20030
20034
20058
20091
20111
20112
20115
20140
20145
20148
20158
20165
20199
20208
20214
20223
20231
20235
20239
20247
20258
20272
20281
20283
20295
20333
20354
20365
20381
20392
20401
20408
20415
20434
20442
20446
20454
20473
20473
20483
20486
20494
20494
20503
20503
20529
20545
20556
20580
20587
20591
20598
20614
20620
20636
20639
20645
20660
20672
20672
20684
20696
20698
20713
20715
20719
20722
20728
20739
20770
20772
20813
20823
20826
20829
20856
20878
20883
20900
20901
20905
20905
20908
20929
20941
20946
20955
20958
20968
20971
20978
20989
20993
20995
21000
21007
21040
21054
21062
21071
21072
21080
21082
21092
21093
21105
21120
21121
21124
21124
21129
21144
21145
21149
21187
21190
21195
21197
21201
21207
21209
21223
21226
21247
21254
21261
21275
21284
21292
21303
21307
21311
21318
21344
21346
21348
21351
21381
21394
21422
21435
21436
21439
21441
21449
21453
21466
21467
21505
21507
21535
21567
21572
21596
21597
21612
21620
21630
21676
21676
21683
21693
21697
21703
21713
21714
21720
21746
21749
21757
21776
21784
21805
21806
21807
21827
21830
21835
21869
21872
21886
21888
21908
21921
21922
21938
21949
21954
21954
21956
21972
21994
21997
22002
22015
22016
22019
22050
22077
22081
22082
22089
22092
22108
22115
22129
22137
22141
22156
22157
22159
22160
22163
22174
22183
22189
22200
22210
22213
22219
22233
22233
22238
22255
22260
22266
22271
22275
22301
22304
22308
22308
22315
22332
22337
22344
22361
22370
22371
22385
22388
22396
22402
22404
22434
22440
22458
22478
22479
22480
22486
22504
22511
22526
22530
22530
22531
22533
22544
22553
22570
22577
22589
22615
22626
22630
22648
22660
22678
22680
22686
22693
22718
22741
22742
22753
22763
22770
22775
22789
22798
22804
22815
22817
22831
22832
22846
22849
22854
22855
22891
22893
22921
22941
22942
22956
22959
22985
22995
23006
23017
23024
23051
23057
23065
23065
23068
23077
23078
23081
23095
23107
23122
23136
23141
23141
23149
23151
23153
23157
23180
23205
23217
23219
23226
23228
23234
23240
23241
23244
23267
23270
23274
23288
23290
23293
23308
23310
23310
23312
23313
23319
23324
23328
23347
23347
23350
23350
23356
23369
23391
23402
23427
23437
23463
23469
23470
23494
23498
23505
23507
23508
23510
23529
23531
23539
23560
23579
23595
23608
23611
23621
23634
23641
23653
23654
23658
23681
23690
23695
23710
23718
23723
23724
23726
23727
23741
23744
23755
23774
23777
23779
23783
23785
23788
23803
23806
23817
23820
23836
23860
23868
23871
23871
23886
23889
23896
23903
23909
23914
23918
23929
23947
23952
23964
23966
24001
24010
24017
24024
24031
24045
24050
24052
24065
24070
24073
24094
24095
24120
24121
24121
24139
24144
24151
24173
24178
24187
24197
24203
24214
24216
24219
24221
24231
24259
24259
24265
24279
24284
24287
24297
24303
24304
24305
24321
24323
24337
24339
24339
24341
24349
24365
24375
24381
24384
24388
24392
24394
24416
24420
24439
24444
24463
24469
24475
24489
24493
24524
24554
24565
24579
24584
24589
24595
24614
24622
24629
24629
24636
24642
24644
24645
24651
24652
24661
24667
24668
24669
24692
24693
24710
24723
24728
24738
24739
24744
24750
24776
24782
24791
24792
24814
24822
24822
24829
24842
24845
24845
24845
24853
24856
24867
24878
24891
24895
24924
24932
24937
24949
24952
24976
24981
24982
24989
25010
25013
25015
25016
25044
25086
25094
25100
25102
25104
25111
25131
25137
25161
25174
25206
25208
25208
25213
25216
25257
25258
25258
25285
25289
25296
25304
25312
25330
25361
25364
25373
25384
25419
25421
25434
25457
25459
25471
25472
25479
25499
25523
25530
25541
25541
25547
25548
25553
25553
25572
25579
25595
25612
25640
25643
25645
25649
25658
25662
25666
25670
25681
25711
25713
25731
25742
25748
25756
25767
25770
25776
25817
25822
25825
25863
25871
25895
25926
25930
25934
25946
25949
25949
25953
25955
25964
25968
25970
25975
25977
26008
26031
26035
26039
26050
26058
26058
26078
26091
26099
26100
26108
26111
26129
26147
26156
26186
26195
26204
26204
26206
26219
26244
26276
26279
26280
26280
26282
26321
26323
26335
26357
26376
26377
26386
26399
26400
26401
26401
26411
26423
26433
26437
26449
26451
26460
26463
26468
26534
26534
26537
26549
26550
26562
26576
26590
26591
26594
26610
26624
26671
26710
26721
26739
26761
26788
26809
26857
26895
26896
26896
26900
26902
26911
26911
26917
26920
26932
26936
26936
26967
26986
26990
27001
27067
27074
27092
27116
27131
27138
27141
27151
27167
27169
27169
27177
27194
27206
27213
27215
27217
27223
27226
27234
27246
27247
27250
27255
27262
27264
27274
27278
27290
27291
27304
27307
27320
27322
27344
27345
27354
27356
27376
27412
27414
27433
27434
27457
27464
27465
27469
27486
27493
27518
27531
27555
27556
27592
27604
27635
27659
27660
27673
27682
27689
27696
27721
27730
27758
27759
27762
27765
27777
27833
27846
27851
27853
27867
27868
27875
27907
27921
27959
27960
27966
27968
27968
27969
27983
27985
27999
28015
28015
28019
28034
28045
28046
28059
28085
28093
28103
28106
28114
28124
28131
28146
28158
28170
28172
28179
28184
28189
28190
28197
28200
28218
28219
28238
28246
28246
28246
28256
28257
28262
28263
28269
28273
28289
28290
28312
28321
28334
28334
28338
28339
28360
28362
28377
28383
28385
28385
28388
28389
28391
28421
28452
28455
28477
28486
28516
28519
28530
28537
28545
28561
28567
28568
28575
28585
28595
28606
28617
28626
28633
28645
28656
28667
28673
28687
28688
28688
28705
28733
28744
28780
28784
28786
28809
28820
28821
28830
28831
28842
28849
28862
28883
28891
28899
28928
28931
28936
28949
28959
28972
28981
28981
28983
28995
29026
29028
29050
29066
29067
29087
29096
29100
29101
29122
29123
29126
29128
29129
29141
29158
29176
29181
29188
29190
29190
29226
29229
29229
29244
29247
29280
29299
29304
29319
29353
29365
29369
29373
29375
29381
29389
29393
29398
29420
29422
29428
29453
29470
29472
29481
29492
29500
29512
29517
29520
29536
29550
29566
29569
29572
29572
29589
29596
29601
29620
29636
29641
29664
29696
29699
29714
29719
29726
29740
29744
29760
29772
29775
29776
29776
29788
29789
29806
29845
29870
29875
29888
29892
29907
29926
29928
29943
29947
29958
29960
29984
29994
30001
30027
30030
30031
30067
30069
30071
30071
30083
30091
30095
30121
30154
30167
30177
30195
30199
30213
30215
30242
30253
30265
30268
30276
30276
30298
30300
30301
30301
30311
30331
30333
30371
30404
30447
30475
30503
30525
30538
30539
30540
30573
30577
30583
30593
30615
30625
30640
30641
30642
30644
30652
30657
30664
30674
30674
30677
30681
30682
30686
30691
30713
30716
30718
30721
30730
30753
30773
30774
30780
30803
30806
30827
30837
30854
30890
30903
30908
30910
30912
30922
30931
30951
30953
30954
30955
30988
30989
30991
31001
31013
31015
31021
31025
31030
31049
31050
31055
31061
31065
31082
31099
31106
31112
31125
31128
31143
31146
31157
31158
31166
31174
31187
31190
31195
31209
31217
31219
31219
31239
31245
31248
31261
31275
31277
31280
31285
31301
31306
31315
31329
31349
31349
31349
31357
31380
31381
31385
31391
31397
31408
31427
31431
31439
31454
31458
31463
31468
31468
31480
31481
31503
31506
31546
31548
31551
31568
31568
31572
31575
31584
31585
31597
31608
31616
31622
31623
31625
31626
31630
31634
31638
31649
31650
31676
31688
31696
31703
31730
31731
31739
31751
31780
31787
31793
31802
31811
31813
31820
31827
31834
31835
31837
31861
31882
31902
31927
31941
31945
31945
31973
31975
31976
31981
32004
32030
32034
32038
32083
32099
32100
32130
32137
32140
32141
32181
32182
32190
32199
32201
32208
32209
32210
32215
32231
32244
32244
32273
32275
32279
32287
32298
32304
32305
32309
32334
32336
32350
32352
32362
32366
32372
32383
32396
32417
32418
32419
32420
32421
32422
32455
32460
32468
32474
32480
32489
32499
32522
32557
32572
32605
32609
32611
32615
32629
32635
32637
32640
32653
32674
32685
32686
32695
32695
32696
32711
32730
32742
32769
32769
32770
32780
32792
32799
32804
32812
32825
32825
32835
32837
32841
32842
32848
32883
32884
32891
32918
32937
32941
32944
32952
32957
32960
32963
32964
32982
32985
32993
32998
33009
33022
33024
33038
33061
33071
33072
33075
33120
33138
33142
33144
33150
33154
33158
33176
33193
33219
33229
33229
33246
33277
33282
33323
33353
33380
33398
33406
33414
33418
33421
33438
33438
33443
33446
33449
33451
33455
33464
33474
33496
33500
33504
33529
33544
33548
33561
33565
33569
33607
33617
33620
33629
33655
33670
33672
33697
33705
33713
33720
33733
33736
33757
33769
33776
33779
33781
33784
33802
33809
33816
33817
33823
33839
33839
33844
33850
33888
33893
33906
33916
33925
33929
33939
33939
33941
33991
34008
34021
34033
34037
34043
34049
34062
34065
34074
34076
34084
34086
34094
34096
34121
34154
34166
34177
34178
34194
34199
34199
34210
34217
34222
34223
34228
34231
34247
34261
34269
34269
34272
34276
34291
34313
34338
34342
34354
34369
34375
34381
34399
34411
34458
34461
34479
34488
34489
34489
34508
34524
34524
34525
34529
34530
34532
34543
34563
34585
34593
34605
34610
34628
34645
34648
34649
34665
34678
34685
34692
34700
34716
34733
34734
34743
34745
34760
34772
34776
34796
34814
34819
34832
34839
34843
34844
34849
34850
34859
34870
34903
34906
34911
34947
34958
34987
35010
35019
35029
35034
35052
35065
35082
35111
35120
35121
35146
35158
35180
35213
35224
35247
35251
35263
35285
35302
35309
35324
35335
35347
35352
35366
35368
35395
35396
35402
35404
35408
35409
35412
35413
35417
35427
35431
35432
35443
35444
35448
35451
35463
35467
35467
35497
35505
35517
35517
35531
35531
35537
35568
35576
35583
35588
35600
35613
35615
35628
35637
35642
35648
35651
35654
35674
35679
35680
35707
35711
35736
35737
35747
35750
35754
35755
35782
35789
35797
35806
35813
35823
35827
35855
35866
35869
35869
35873
35884
35947
35970
36005
36019
36022
36038
36041
36043
36051
36068
36077
36081
36106
36106
36110
36112
36123
36127
36127
36128
36130
36136
36146
36164
36165
36177
36183
36203
36210
36214
36220
36241
36246
36265
36284
36285
36288
36325
36330
36331
36344
36345
36345
36367
36367
36378
36380
36384
36387
36397
36398
36428
36431
36445
36453
36475
36483
36484
36488
36493
36507
36516
36536
36546
36564
36576
36577
36613
36614
36654
36660
36661
36663
36678
36690
36698
36701
36706
36718
36729
36732
36741
36747
36748
36753
36760
36782
36803
36806
36834
36840
36849
36859
36866
36881
36892
36896
36905
36910
36917
36918
36919
36920
36923
36924
36926
36928
36934
36943
36945
36954
36960
36964
36966
36982
36982
36983
36988
36997
37010
37014
37023
37026
37030
37031
37041
37085
37104
37109
37128
37128
37149
37150
37194
37221
37244
37281
37306
37307
37315
37320
37327
37338
37346
37374
37380
37382
37383
37399
37410
37414
37429
37451
37456
37457
37458
37470
37480
37482
37495
37510
37514
37519
37549
37552
37562
37572
37572
37581
37582
37585
37591
37627
37632
37651
37658
37661
37661
37662
37671
37676
37705
37714
37735
37741
37751
37753
37761
37762
37763
37764
37765
37779
37791
37810
37818
37823
37825
37837
37838
37857
37859
37874
37886
37907
37914
37922
37926
37928
37930
37952
37952
37955
37978
37979
37982
37984
37994
37996
38011
38014
38027
38033
38037
38051
38053
38062
38097
38145
38151
38155
38176
38176
38196
38202
38206
38219
38247
38262
38264
38267
38273
38281
38290
38302
38307
38330
38336
38358
38374
38377
38384
38406
38416
38427
38439
38442
38455
38457
38460
38467
38489
38499
38516
38563
38586
38611
38612
38615
38633
38637
38642
38652
38653
38667
38672
38680
38683
38705
38715
38719
38724
38761
38764
38809
38814
38816
38817
38827
38830
38842
38843
38865
38876
38879
38889
38895
38899
38904
38928
38937
38953
38961
38966
38969
38983
38985
38994
39000
39001
39003
39020
39027
39035
39051
39055
39060
39070
39071
39109
39133
39162
39164
39165
39170
39189
39191
39194
39225
39233
39251
39257
39291
39295
39299
39301
39305
39306
39308
39321
39339
39339
39342
39344
39352
39353
39354
39361
39371
39376
39395
39418
39458
39475
39502
39527
39532
39545
39551
39551
39557
39560
39563
39566
39576
39590
39595
39618
39630
39630
39667
39677
39688
39707
39710
39723
39723
39730
39746
39757
39794
39810
39832
39832
39851
39868
39876
39901
39927
39946
39950
39953
39969
39975
39978
39979
39993
40019
40036
40044
40047
40051
40058
40059
40061
40063
40064
40065
40077
40077
40104
40116
40125
40127
40128
40129
40155
40155
40178
40181
40186
40189
40194
40207
40212
40222
40230
40230
40256
40262
40272
40293
40301
40309
40316
40331
40336
40343
40348
40350
40457
40471
40475
40499
40519
40529
40530
40536
40542
40546
40547
40548
40559
40562
40575
40576
40583
40589
40607
40612
40612
40617
40637
40652
40654
40655
40661
40662
40679
40687
40728
40758
40769
40786
40789
40796
40801
40831
40851
40879
40907
40930
40941
40973
40975
40978
41001
41006
41012
41013
41014
41034
41040
41041
41044
41050
41057
41060
41081
41096
41100
41115
41127
41150
41151
41167
41189
41192
41193
41204
41208
41213
41241
41246
41269
41280
41293
41298
41312
41321
41341
41368
41413
41420
41436
41454
41457
41459
41477
41485
41493
41494
41499
41501
41519
41530
41539
41541
41564
41573
41583
41585
41588
41589
41610
41610
41612
41623
41625
41635
41641
41643
41648
41653
41660
41686
41700
41701
41717
41737
41740
41774
41788
41790
41824
41830
41830
41836
41839
41849
41852
41866
41873
41878
41898
41902
41932
41937
41953
41957
41961
41997
42000
42003
42006
42012
42029
42039
42084
42093
42100
42117
42136
42150
42157
42174
42189
42193
42224
42228
42234
42238
42248
42263
42267
42271
42274
42281
42289
42295
42311
42315
42326
42328
42354
42360
42397
42400
42411
42413
42420
42428
42429
42432
42440
42447
42452
42453
42472
42514
42522
42525
42528
42545
42572
42586
42608
42617
42625
42628
42629
42636
42637
42637
42643
42662
42667
42684
42698
42746
42760
42800
42800
42804
42804
42811
42815
42817
42837
42848
42849
42851
42852
42871
42873
42880
42916
42922
42968
42984
42999
43013
43015
43027
43031
43033
43039
43052
43055
43069
43073
43080
43099
43108
43111
43116
43119
43124
43125
43131
43133
43142
43142
43146
43156
43162
43162
43169
43211
43242
43245
43245
43284
43289
43297
43316
43320
43331
43333
43370
43380
43381
43399
43412
43419
43420
43420
43420
43437
43470
43475
43478
43482
43488
43493
43521
43532
43543
43564
43584
43598
43603
43608
43610
43614
43617
43629
43630
43659
43672
43674
43710
43732
43736
43750
43759
43775
43784
43787
43788
43793
43844
43881
43883
43892
43907
43917
43922
43954
43963
43985
44042
44066
44068
44071
44073
44075
44101
44126
44129
44134
44135
44145
44154
44165
44181
44181
44203
44217
44221
44229
44237
44270
44277
44279
44297
44304
44307
44314
44317
44337
44366
44382
44388
44390
44397
44397
44419
44425
44426
44432
44440
44441
44446
44454
44455
44464
44475
44475
44486
44489
44496
44498
44512
44526
44533
44545
44547
44561
44569
44604
44604
44609
44620
44622
44625
44626
44630
44644
44648
44658
44687
44690
44696
44722
44729
44737
44740
44743
44744
44749
44757
44770
44776
44777
44818
44821
44829
44830
44839
44850
44855
44860
44870
44873
44903
44920
44945
44950
44962
44986
44991
44992
44995
44996
45016
45038
45040
45044
45054
45062
45065
45077
45095
45096
45112
45123
45153
45189
45191
45197
45204
45222
45242
45247
45248
45258
45260
45276
45285
45305
45326
45327
45333
45349
45359
45361
45375
45380
45385
45388
45389
45392
45399
45401
45419
45462
45464
45470
45491
45492
45496
45514
45516
45569
45574
45580
45587
45623
45638
45656
45666
45674
45684
45691
45705
45724
45745
45758
45761
45765
45765
45770
45780
45791
45799
45804
45820
45838
45839
45863
45864
45870
45881
45896
45900
45901
45903
45921
45950
45953
45974
45975
45980
45997
45997
45999
46001
46001
46006
46014
46038
46038
46049
46071
46078
46080
46085
46112
46113
46115
46123
46123
46133
46133
46162
46177
46196
46197
46212
46227
46235
46253
46279
46291
46314
46328
46334
46335
46351
46381
46381
46388
46389
46414
46425
46428
46434
46435
46439
46444
46463
46477
46478
46478
46487
46494
46495
46513
46523
46530
46543
46550
46574
46592
46597
46598
46603
46603
46607
46617
46629
46638
46649
46693
46705
46716
46723
46734
46739
46741
46746
46762
46779
46779
46781
46787
46813
46845
46848
46858
46872
46879
46889
46910
46932
46936
46946
46947
46952
46953
46970
46978
46982
46982
46988
47028
47044
47046
47058
47060
47061
47064
47100
47112
47132
47135
47137
47140
47143
47145
47147
47180
47218
47233
47240
47283
47300
47337
47354
47359
47362
47378
47379
47380
47398
47409
47422
47423
47443
47449
47451
47461
47470
47470
47481
47499
47499
47501
47505
47520
47542
47558
47568
47582
47583
47588
47606
47607
47613
47616
47624
47624
47631
47651
47662
47666
47668
47671
47679
47697
47705
47711
47713
47730
47749
47761
47776
47782
47795
47805
47811
47826
47826
47852
47854
47866
47870
47887
47893
47918
47928
47931
47933
47935
47943
47966
47966
47971
47978
47980
48003
48003
48012
48019
48029
48036
48038
48047
48049
48050
48072
48098
48112
48122
48134
48142
48155
48166
48195
48211
48245
48248
48257
48269
48278
48290
48307
48310
48321
48328
48330
48337
48338
48350
48388
48422
48454
48475
48479
48484
48486
48504
48516
48530
48545
48551
48551
48561
48565
48571
48575
48583
48616
48627
48638
48653
48654
48656
48673
48681
48685
48687
48689
48697
48719
48722
48723
48731
48732
48740
48768
48782
48797
48800
48807
48811
48833
48849
48862
48900
48930
48937
48937
48942
48943
48949
48974
48979
48984
48984
48995
49024
49052
49053
49068
49081
49084
49093
49109
49113
49154
49158
49169
49188
49196
49207
49227
49227
49271
49280
49286
49287
49287
49288
49306
49315
49320
49337
49341
49346
49347
49360
49363
49371
49381
49383
49389
49416
49434
49434
49441
49441
49447
49452
49459
49461
49487
49493
49497
49513
49518
49526
49548
49559
49564
49565
49591
49597
49600
49616
49617
49624
49628
49632
49653
49655
49672
49696
49704
49726
49736
49746
49750
49751
49761
49763
49804
49812
49828
49856
49863
49881
49881
49885
49892
49893
49910
49923
49953
49957
49972
49987
49999
50006
50007
50013
50024
50032
50035
50037
50042
50045
50057
50082
50087
50087
50114
50125
50126
50147
50168
50169
50180
50180
50185
50188
50189
50198
50199
50203
50224
50228
50235
50237
50238
50246
50251
50254
50264
50280
50303
50308
50313
50320
50323
50326
50330
50358
50360
50361
50362
50371
50393
50404
50406
50407
50418
50428
50449
50460
50468
50481
50494
50495
50518
50528
50537
50555
50555
50564
50571
50576
50584
50603
50609
50613
50616
50619
50623
50624
50631
50636
50637
50652
50657
50662
50669
50669
50674
50682
50691
50714
50726
50729
50733
50735
50753
50754
50758
50761
50792
50794
50822
50838
50847
50853
50859
50860
50882
50907
50910
50913
50924
50941
50945
50947
50957
50969
50985
50989
50990
50993
51008
51032
51062
51069
51071
51072
51079
51083
51084
51088
51092
51099
51102
51115
51137
51142
51143
51145
51152
51156
51170
51207
51208
51210
51218
51271
51277
51280
51283
51284
51284
51306
51311
51317
51326
51327
51370
51373
51375
51389
51402
51405
51406
51423
51424
51435
51448
51452
51464
51487
51490
51512
51517
51529
51531
51550
51553
51559
51570
51586
51587
51588
51606
51614
51616
51629
51635
51646
51649
51662
51712
51716
51736
51738
51748
51772
51775
51776
51801
51802
51823
51825
51850
51873
51882
51888
51910
51932
51934
51938
51940
51942
51946
51949
51969
51974
51991
51995
51995
51996
52004
52012
52022
52023
52034
52042
52110
52127
52133
52134
52137
52140
52164
52191
52196
52212
52218
52224
52283
52286
52286
52293
52295
52302
52304
52304
52308
52311
52316
52320
52327
52331
52346
52394
52395
52400
52405
52406
52421
52427
52437
52447
52458
52475
52486
52486
52489
52500
52527
52535
52539
52555
52556
52562
52597
52601
52603
52609
52631
52640
52648
52657
52677
52698
52707
52726
52726
52731
52740
52742
52761
52761
52769
52783
52784
52807
52811
52821
52830
52831
52831
52846
52849
52861
52861
52896
52898
52910
52926
52930
52938
52945
52948
52955
52955
52958
52969
52991
52998
53000
53012
53012
53043
53043
53053
53057
53064
53066
53093
53104
53125
53132
53150
53179
53181
53189
53190
53203
53206
53216
53220
53230
53231
53233
53240
53243
53258
53283
53284
53312
53319
53329
53332
53343
53359
53393
53393
53396
53405
53419
53437
53439
53444
53449
53458
53467
53475
53496
53499
53507
53519
53523
53556
53569
53589
53596
53600
53601
53619
53620
53622
53634
53647
53684
53686
53694
53694
53700
53701
53715
53737
53739
53747
53754
53765
53765
53766
53779
53784
53798
53805
53805
53810
53826
53833
53837
53855
53856
53863
53873
53888
53942
53946
53951
53961
53980
53981
53996
53999
54000
54005
54009
54022
54025
54035
54049
54049
54060
54069
54070
54077
54113
54114
54119
54127
54129
54131
54142
54162
54165
54166
54168
54178
54184
54188
54228
54241
54245
54261
54264
54272
54276
54283
54295
54301
54310
54317
54326
54328
54333
54333
54340
54341
54343
54346
54354
54355
54363
54372
54389
54397
54405
54412
54430
54430
54430
54434
54435
54445
54445
54453
54469
54471
54477
54477
54479
54486
54490
54491
54493
54499
54501
54508
54509
54521
54539
54546
54554
54568
54574
54583
54597
54606
54631
54643
54644
54648
54665
54675
54681
54684
54691
54718
54734
54744
54745
54755
54760
54762
54781
54781
54792
54801
54803
54810
54833
54841
54841
54851
54854
54856
54859
54861
54866
54885
54896
54908
54926
54944
54948
54951
54998
55024
55032
55033
55038
55041
55042
55048
55079
55084
55107
55113
55128
55129
55130
55133
55163
55184
55196
55198
55203
55216
55218
55224
55224
55226
55242
55248
55249
55270
55277
55279
55282
55287
55312
55320
55321
55323
55367
55367
55372
55374
55379
55390
55400
55403
55410
55410
55424
55436
55443
55460
55498
55500
55503
55518
55542
55565
55579
55585
55591
55594
55619
55623
55634
55644
55645
55655
55658
55658
55671
55678
55678
55689
55690
55701
55702
55719
55742
55747
55756
55757
55771
55778
55796
55808
55816
55840
55860
55878
55881
55892
55895
55916
55920
55926
55933
55940
55941
55967
55977
55994
56005
56046
56061
56075
56077
56095
56096
56111
56114
56115
56127
56140
56167
56176
56180
56183
56186
56197
56198
56201
56208
56216
56221
56223
56226
56251
56269
56286
56293
56333
56361
56366
56370
56375
56376
56380
56405
56436
56437
56452
56466
56470
56475
56480
56487
56496
56510
56532
56532
56537
56554
56557
56561
56574
56579
56596
56602
56616
56618
56666
56667
56675
56686
56699
56702
56719
56726
56731
56757
56759
56764
56790
56793
56811
56828
56833
56840
56843
56908
56910
56912
56917
56922
56941
56946
56955
56955
56957
56958
56963
56965
56979
56997
57007
57008
57022
57037
57047
57064
57083
57089
57094
57097
57135
57159
57161
57172
57177
57189
57197
57200
57211
57218
57250
57258
57272
57272
57290
57302
57305
57326
57351
57364
57382
57384
57400
57405
57405
57417
57418
57452
57479
57480
57492
57494
57496
57498
57505
57505
57512
57531
57531
57553
57556
57567
57574
57592
57598
57598
57606
57609
57616
57644
57656
57658
57658
57662
57670
57693
57701
57704
57720
57735
57751
57766
57766
57766
57770
57777
57785
57792
57814
57815
57818
57825
57863
57866
57874
57876
57877
57889
57895
57917
57918
57923
57934
57937
57940
57967
57990
58002
58010
58020
58023
58092
58098
58098
58110
58122
58128
58131
58135
58136
58147
58147
58149
58179
58182
58202
58214
58221
58223
58232
58233
58235
58238
58260
58265
58271
58274
58304
58320
58321
58326
58326
58327
58331
58338
58348
58350
58370
58406
58410
58411
58418
58424
58430
58433
58446
58467
58511
58512
58518
58544
58554
58563
58604
58608
58610
58635
58641
58650
58657
58662
58672
58675
58700
58703
58705
58718
58719
58731
58754
58771
58776
58778
58801
58808
58817
58818
58831
58838
58861
58864
58875
58881
58905
58922
58948
58957
58978
58979
59000
59039
59042
59057
59068
59068
59088
59099
59103
59112
59113
59113
59130
59137
59139
59143
59171
59175
59184
59193
59202
59202
59241
59246
59277
59284
59291
59316
59327
59340
59368
59376
59420
59427
59440
59447
59468
59482
59495
59497
59510
59519
59520
59527
59539
59546
59557
59567
59570
59605
59628
59668
59681
59689
59699
59699
59707
59722
59740
59745
59748
59751
59756
59757
59759
59759
59772
59784
59792
59806
59806
59810
59839
59841
59848
59860
59863
59882
59885
59889
59898
59907
59917
59925
59931
59939
59947
59952
59954
59987
59998
59999
60000
60017
60021
60035
60042
60075
60083
60102
60131
60137
60151
60152
60158
60175
60178
60199
60214
60220
60228
60240
60240
60250
60260
60260
60268
60295
60301
60302
60304
60314
60321
60328
60329
60333
60352
60353
60355
60364
60368
60375
60380
60403
60413
60430
60433
60450
60479
60482
60483
60485
60503
60512
60517
60531
60535
60544
60558
60576
60579
60598
60607
60612
60617
60619
60622
60625
60628
60647
60664
60729
60748
60749
60753
60755
60759
60765
60774
60785
60786
60804
60822
60831
60832
60853
60873
60876
60886
60900
60903
60903
60918
60921
60930
60937
60942
60970
60971
60980
60989
61004
61010
61012
61022
61022
61042
61044
61044
61046
61051
61062
61065
61077
61083
61084
61088
61095
61096
61103
61126
61127
61131
61137
61144
61145
61172
61186
61192
61198
61200
61205
61219
61235
61245
61246
61247
61251
61267
61276
61290
61295
61301
61307
61318
61340
61343
61343
61348
61355
61364
61370
61378
61385
61387
61393
61404
61409
61416
61428
61445
61475
61480
61482
61533
61542
61570
61574
61577
61595
61598
61598
61601
61618
61628
61641
61646
61650
61663
61663
61665
61669
61673
61701
61703
61716
61718
61721
61732
61734
61739
61749
61761
61766
61777
61784
61787
61795
61806
61810
61825
61826
61850
61867
61875
61876
61881
61889
61903
61911
61917
61923
61936
61937
61944
61949
61950
61957
61960
62018
62049
62049
62066
62076
62081
62105
62109
62121
62139
62189
62204
62209
62219
62220
62226
62251
62257
62260
62272
62282
62304
62309
62314
62315
62318
62336
62369
62376
62378
62385
62390
62395
62405
62421
62431
62444
62455
62460
62517
62533
62535
62539
62542
62544
62551
62571
62573
62576
62576
62578
62583
62607
62619
62623
62634
62641
62645
62649
62651
62653
62668
62668
62678
62681
62714
62721
62731
62732
62734
62743
62759
62769
62769
62780
62780
62783
62788
62791
62796
62798
62809
62809
62809
62818
62821
62829
62840
62846
62865
62882
62894
62897
62910
62922
62924
62932
62938
62940
62966
62970
62983
62987
62999
63012
63023
63026
63027
63032
63046
63075
63084
63092
63093
63097
63098
63119
63124
63135
63139
63149
63177
63179
63180
63189
63196
63208
63216
63220
63226
63235
63246
63256
63262
63274
63284
63289
63294
63296
63337
63337
63341
63345
63348
63368
63373
63387
63391
63410
63422
63435
63439
63449
63472
63474
63478
63492
63516
63519
63522
63538
63538
63572
63574
63577
63582
63584
63622
63632
63632
63634
63643
63644
63647
63650
63654
63671
63673
63675
63702
63708
63710
63735
63737
63750
63752
63772
63772
63795
63801
63806
63818
63830
63832
63833
63833
63834
63848
63860
63860
63861
63864
63873
63883
63887
63891
63891
63892
63900
63901
63916
63958
63979
63983
63998
64015
64015
64033
64038
64049
64058
64062
64063
64095
64102
64117
64119
64141
64152
64178
64182
64191
64194
64200
64222
64223
64236
64242
64243
64258
64277
64295
64304
64306
64319
64328
64330
64350
64359
64363
64385
64388
64423
64444
64471
64481
64485
64490
64496
64498
64503
64518
64537
64540
64545
64563
64568
64577
64584
64610
64628
64630
64647
64665
64714
64723
64726
64743
64746
64753
64754
64755
64760
64787
64792
64793
64795
64805
64821
64833
64837
64838
64840
64844
64865
64882
64883
64894
64919
64924
64927
64971
64994
65003
65004
65008
65024
65025
65031
65038
65041
65043
65047
65055
65064
65069
65078
65087
65093
65094
65097
65100
65108
65118
65118
65121
65124
65125
65130
65140
65141
65152
65156
65164
65172
65207
65251
65257
65258
65261
65261
65263
65265
65266
65281
65285
65285
65287
65289
65293
65312
65315
65331
65356
65364
65370
65374
65388
65392
65392
65398
65403
65414
65417
65422
65435
65437
65445
65456
65481
65511
65516
65517
65518
65522
65531
65535
65551
65553
65561
65579
65580
65602
65612
65614
65625
65625
65630
65630
65632
65633
65633
65641
65644
65654
65659
65663
65666
65672
65673
65673
65674
65679
65693
65696
65712
65717
65721
65729
65740
65753
65804
65807
65822
65841
65847
65855
65857
65887
65898
65938
65940
65956
65957
65991
65994
66025
66028
66031
66032
66042
66044
66046
66076
66107
66108
66114
66169
66170
66197
66200
66219
66227
66237
66238
66253
66256
66259
66262
66265
66286
66287
66288
66291
66302
66305
66309
66344
66361
66383
66399
66402
66412
66417
66440
66448
66450
66464
66503
66505
66527
66554
66554
66561
66568
66571
66573
66585
66587
66595
66610
66614
66630
66633
66635
66636
66639
66641
66646
66651
66674
66692
66695
66709
66746
66757
66776
66806
66814
66816
66820
66824
66824
66826
66842
66844
66848
66856
66870
66884
66889
66904
66908
66908
66914
66919
66940
66957
66966
66979
66982
66982
66987
66996
66998
67005
67012
67042
67045
67051
67054
67058
67065
67129
67146
67166
67170
67179
67180
67260
67266
67277
67280
67296
67310
67316
67353
67357
67373
67378
67384
67385
67388
67393
67399
67438
67441
67446
67454
67465
67473
67475
67481
67488
67498
67503
67510
67515
67549
67578
67579
67591
67598
67652
67662
67676
67678
67686
67688
67690
67695
67696
67700
67710
67722
67722
67733
67743
67748
67758
67764
67771
67801
67804
67810
67810
67824
67832
67835
67846
67850
67851
67852
67862
67872
67892
67894
67899
67955
67964
67969
67969
67973
67987
67991
68007
68020
68027
68049
68052
68057
68059
68070
68089
68091
68092
68093
68094
68100
68101
68108
68126
68127
68131
68132
68144
68154
68167
68172
68193
68203
68210
68213
68223
68231
68242
68253
68254
68265
68287
68290
68301
68313
68316
68318
68331
68334
68345
68348
68350
68361
68390
68390
68395
68399
68403
68419
68435
68438
68464
68471
68482
68505
68514
68515
68522
68528
68544
68547
68556
68557
68561
68563
68565
68566
68568
68571
68588
68595
68616
68616
68621
68624
68631
68648
68653
68656
68698
68712
68717
68725
68758
68760
68791
68791
68818
68823
68823
68828
68829
68839
68847
68847
68867
68880
68884
68889
68893
68920
68948
68951
68952
68974
69000
69012
69019
69061
69071
69087
69089
69092
69097
69102
69102
69103
69109
69112
69119
69123
69128
69130
69131
69138
69147
69160
69160
69164
69165
69174
69186
69188
69199
69212
69217
69220
69221
69253
69254
69258
69262
69265
69271
69281
69307
69325
69353
69358
69361
69390
69404
69436
69440
69449
69462
69464
69491
69500
69530
69534
69536
69540
69585
69587
69593
69616
69642
69680
69682
69683
69688
69692
69700
69701
69701
69704
69713
69724
69729
69740
69766
69767
69784
69788
69789
69799
69808
69825
69848
69848
69855
69866
69868
69868
69878
69882
69908
69924
69925
69928
69935
69935
69936
69955
69956
69960
69976
69996
70014
70014
70021
70022
70028
70041
70042
70050
70055
70062
70065
70073
70076
70076
70099
70099
70099
70106
70109
70116
70118
70118
70123
70133
70145
70169
70215
70228
70239
70240
70246
70250
70272
70299
70299
70312
70326
70350
70352
70352
70353
70355
70363
70368
70369
70379
70384
70386
70415
70464
70474
70494
70496
70507
70507
70524
70530
70545
70547
70554
70554
70555
70568
70585
70590
70599
70615
70627
70632
70645
70655
70662
70690
70696
70710
70728
70731
70734
70735
70767
70776
70803
70803
70808
70810
70815
70820
70836
70837
70877
70885
70892
70911
70912
70923
70948
70959
70960
70964
70973
70999
71012
71021
71041
71042
71078
71081
71082
71083
71090
71101
71102
71127
71131
71141
71142
71148
71152
71159
71164
71165
71168
71174
71177
71177
71182
71218
71230
71232
71246
71266
71294
71306
71311
71318
71329
71330
71339
71341
71375
71378
71381
71383
71385
71405
71432
71436
71446
71450
71472
71481
71494
71498
71499
71506
71511
71517
71521
71526
71529
71532
71533
71556
71556
71564
71571
71576
71615
71625
71637
71644
71652
71660
71661
71664
71703
71705
71706
71749
71760
71772
71836
71844
71848
71882
71898
71928
71952
71967
71976
71988
71993
71996
72014
72026
72029
72031
72034
72036
72038
72040
72043
72061
72064
72068
72090
72096
72103
72107
72117
72131
72132
72145
72177
72179
72179
72244
72285
72315
72319
72323
72325
72328
72331
72333
72334
72342
72347
72359
72361
72372
72376
72392
72413
72422
72423
72425
72433
72441
72453
72465
72472
72476
72479
72489
72495
72496
72498
72500
72504
72509
72518
72518
72529
72560
72581
72581
72585
72592
72605
72609
72610
72616
72631
72643
72650
72652
72656
72703
72707
72714
72717
72721
72722
72737
72739
72766
72767
72798
72811
72835
72856
72883
72940
72941
72958
72964
72968
72972
72977
72982
72990
72999
73004
73087
73091
73097
73100
73132
73140
73152
73182
73193
73201
73219
73226
73236
73241
73244
73251
73269
73271
73281
73283
73292
73300
73306
73308
73336
73342
73343
73375
73387
73392
73395
73400
73401
73404
73407
73426
73437
73444
73446
73478
73480
73484
73486
73489
73497
73506
73508
73516
73526
73537
73539
73542
73557
73561
73564
73572
73588
73595
73617
73626
73627
73644
73652
73658
73668
73703
73704
73718
73724
73727
73736
73745
73748
73751
73775
73793
73808
73812
73817
73844
73845
73846
73848
73865
73876
73885
73919
73920
73931
73932
73961
73971
73972
73978
73987
74016
74023
74028
74056
74061
74066
74075
74079
74083
74084
74091
74092
74097
74106
74108
74124
74132
74161
74167
74175
74185
74185
74190
74198
74205
74233
74261
74261
74268
74276
74286
74287
74288
74289
74322
74349
74367
74369
74370
74384
74385
74398
74412
74413
74430
74433
74436
74473
74480
74485
74488
74489
74491
74495
74496
74508
74508
74508
74521
74525
74538
74550
74554
74558
74576
74612
74625
74627
74649
74665
74666
74672
74691
74729
74742
74755
74760
74766
74776
74777
74782
74787
74805
74818
74818
74822
74845
74846
74849
74873
74928
74942
74958
74977
74998
75005
75006
75025
75025
75031
75034
75041
75047
75058
75069
75085
75086
75119
75148
75154
75166
75173
75174
75202
75206
75212
75214
75220
75224
75228
75234
75238
75240
75243
75252
75257
75292
75302
75314
75319
75329
75358
75368
75369
75385
75389
75408
75411
75412
75417
75425
75446
75463
75466
75468
75472
75473
75473
75479
75494
75495
75505
75507
75509
75515
75517
75522
75536
75542
75547
75551
75554
75556
75557
75557
75590
75603
75622
75625
75627
75628
75646
75648
75648
75659
75659
75660
75660
75661
75670
75678
75685
75686
75700
75701
75711
75712
75749
75756
75779
75792
75819
75840
75843
75850
75875
75879
75901
75905
75908
75927
75930
75955
75972
75988
76003
76009
76016
76029
76050
76057
76063
76078
76101
76102
76117
76130
76139
76139
76140
76146
76148
76157
76159
76167
76191
76219
76235
76237
76256
76260
76261
76262
76270
76272
76275
76324
76352
76378
76381
76414
76465
76466
76482
76502
76507
76509
76511
76512
76521
76535
76561
76565
76575
76591
76594
76600
76626
76627
76628
76633
76646
76692
76747
76760
76763
76766
76772
76776
76798
76814
76817
76819
76833
76837
76838
76862
76871
76883
76889
76897
76900
76905
76912
76930
76930
76935
76944
76965
76979
76986
76989
76993
76997
77007
77018
77023
77024
77031
77037
77060
77073
77088
77103
77116
77118
77120
77140
77149
77174
77174
77181
77194
77209
77212
77213
77218
77227
77241
77253
77253
77267
77268
77269
77282
77293
77304
77310
77321
77321
77324
77324
77325
77346
77349
77365
77369
77375
77377
77412
77425
77436
77437
77438
77440
77443
77445
77447
77449
77477
77480
77491
77506
77543
77549
77564
77567
77582
77584
77595
77609
77617
77621
77640
77651
77676
77676
77681
77695
77698
77721
77723
77743
77752
77768
77772
77779
77797
77817
77820
77836
77849
77860
77877
77877
77878
77883
77898
77906
77907
77910
77912
77913
77914
77925
77951
77962
78021
78021
78032
78063
78068
78074
78083
78101
78106
78117
78123
78126
78128
78129
78137
78157
78158
78162
78167
78168
78168
78180
78199
78217
78217
78229
78231
78232
78246
78249
78265
78276
78279
78286
78293
78298
78314
78327
78333
78335
78346
78347
78382
78382
78408
78420
78432
78436
78436
78436
78473
78473
78493
78497
78502
78508
78539
78540
78543
78546
78548
78573
78600
78612
78614
78623
78632
78632
78635
78640
78660
78682
78682
78684
78723
78766
78767
78780
78784
78784
78795
78846
78871
78872
78894
78915
78922
78929
78941
78942
78947
78960
78971
78976
78981
78987
79001
79002
79008
79029
79036
79044
79051
79060
79067
79078
79083
79084
79086
79089
79095
79109
79119
79123
79128
79129
79134
79184
79196
79198
79199
79208
79208
79215
79221
79245
79247
79262
79264
79266
79271
79272
79289
79304
79305
79315
79316
79318
79325
79357
79367
79384
79389
79396
79401
79406
79410
79442
79442
79446
79451
79519
79525
79535
79537
79542
79544
79548
79555
79565
79579
79581
79595
79604
79616
79621
79629
79652
79681
79681
79695
79712
79718
79724
79752
79759
79764
79770
79774
79824
79826
79865
79874
79879
79881
79885
79892
79900
79904
79919
79928
79949
79952
79962
79963
79964
79997
80023
80027
80044
80055
80059
80064
80065
80070
80085
80090
80091
80096
80097
80105
80115
80143
80165
80179
80229
80230
80232
80239
80258
80273
80299
80315
80325
80331
80347
80347
80353
80354
80368
80395
80399
80404
80404
80414
80425
80434
80441
80442
80450
80468
80482
80496
80505
80506
80527
80546
80561
80561
80563
80569
80570
80574
80578
80586
80591
80593
80596
80606
80608
80608
80627
80629
80633
80644
80651
80652
80654
80658
80659
80673
80676
80680
80684
80686
80688
80694
80695
80710
80710
80721
80722
80726
80729
80730
80766
80820
80832
80840
80842
80844
80847
80850
80851
80857
80904
80919
80928
80937
80950
80966
80969
80982
81002
81009
81011
81015
81026
81027
81034
81043
81047
81049
81053
81056
81060
81067
81072
81074
81097
81099
81113
81116
81118
81126
81133
81133
81137
81149
81151
81166
81179
81185
81208
81213
81219
81265
81287
81288
81312
81312
81317
81320
81320
81330
81334
81337
81344
81366
81366
81371
81377
81400
81403
81413
81416
81423
81424
81434
81438
81442
81446
81447
81469
81472
81476
81489
81503
81519
81530
81547
81553
81556
81556
81558
81564
81565
81587
81601
81602
81603
81606
81617
81665
81681
81685
81695
81698
81721
81721
81730
81742
81752
81773
81786
81805
81806
81807
81824
81828
81831
81838
81856
81857
81858
81859
81874
81876
81883
81894
81907
81919
81922
81939
81944
81948
81969
81971
81981
81996
82003
82035
82041
82043
82046
82062
82063
82077
82081
82082
82093
82094
82112
82118
82123
82125
82126
82129
82130
82135
82166
82177
82178
82182
82192
82192
82201
82203
82215
82222
82229
82236
82247
82260
82262
82262
82288
82312
82312
82338
82351
82354
82365
82367
82370
82409
82434
82454
82457
82460
82505
82505
82534
82549
82556
82571
82577
82579
82602
82607
82628
82634
82635
82653
82683
82712
82718
82724
82725
82726
82726
82740
82743
82750
82751
82767
82781
82781
82783
82786
82800
82813
82818
82827
82835
82869
82891
82904
82905
82913
82925
82926
82934
82945
82956
82975
82983
82986
82993
83001
83006
83023
83033
83043
83045
83053
83068
83072
83079
83079
83090
83126
83140
83158
83168
83168
83182
83204
83207
83224
83229
83235
83240
83242
83255
83260
83260
83282
83289
83291
83310
83311
83317
83324
83329
83336
83345
83356
83363
83368
83387
83398
83426
83429
83439
83439
83466
83472
83474
83495
83497
83509
83517
83518
83528
83531
83543
83562
83574
83584
83588
83595
83603
83622
83626
83647
83648
83653
83661
83667
83670
83686
83695
83742
83750
83754
83767
83777
83778
83779
83783
83788
83798
83799
83806
83809
83810
83814
83854
83890
83892
83900
83906
83920
83926
83931
83943
83945
83949
83954
83982
83997
84005
84008
84022
84027
84039
84046
84057
84059
84064
84069
84072
84077
84081
84090
84112
84129
84140
84147
84159
84164
84168
84174
84186
84189
84190
84201
84209
84215
84239
84247
84263
84272
84294
84302
84313
84364
84381
84383
84387
84392
84395
84397
84408
84409
84426
84434
84437
84440
84450
84458
84461
84466
84468
84496
84505
84514
84520
84530
84537
84544
84544
84555
84558
84565
84567
84581
84590
84613
84619
84636
84648
84652
84660
84682
84690
84704
84726
84729
84749
84754
84779
84786
84790
84804
84823
84856
84860
84862
84881
84908
84929
84933
84935
84955
84974
84983
84991
84995
85002
85031
85034
85037
85043
85045
85055
85073
85083
85083
85084
85088
85107
85131
85141
85154
85179
85181
85191
85203
85227
85229
85240
85241
85254
85259
85263
85263
85265
85266
85298
85303
85337
85341
85363
85364
85365
85368
85369
85382
85383
85392
85397
85419
85432
85433
85442
85443
85446
85464
85480
85482
85503
85504
85506
85510
85527
85535
85545
85564
85564
85577
85590
85590
85613
85626
85628
85628
85641
85648
85656
85658
85661
85663
85665
85669
85669
85673
85685
85711
85716
85718
85741
85741
85747
85747
85750
85754
85776
85777
85779
85789
85790
85810
85850
85855
85899
85903
85906
85908
85909
85935
85935
85948
85951
85956
85973
86011
86012
86020
86026
86075
86089
86092
86110
86117
86121
86128
86129
86131
86140
86148
86152
86152
86153
86160
86173
86175
86200
86203
86209
86218
86232
86249
86259
86267
86291
86303
86352
86361
86362
86367
86380
86385
86385
86394
86396
86401
86414
86428
86437
86460
86474
86480
86497
86526
86531
86535
86546
86548
86551
86552
86564
86567
86585
86593
86602
86606
86611
86614
86623
86632
86646
86658
86661
86664
86666
86688
86698
86698
86717
86722
86750
86754
86825
86825
86827
86830
86848
86865
86865
86887
86909
86939
86942
86951
86958
86961
86970
86972
86987
86995
87009
87010
87048
87051
87061
87081
87102
87104
87106
87110
87117
87119
87119
87121
87124
87130
87144
87145
87149
87154
87161
87177
87188
87196
87204
87206
87214
87223
87234
87240
87247
87257
87263
87271
87272
87273
87275
87296
87306
87309
87310
87323
87327
87340
87341
87357
87364
87373
87381
87392
87401
87404
87412
87420
87429
87447
87453
87458
87478
87479
87492
87498
87506
87511
87528
87533
87551
87551
87552
87558
87566
87576
87616
87619
87630
87634
87682
87694
87709
87716
87716
87718
87718
87724
87728
87746
87775
87781
87787
87801
87823
87835
87840
87857
87863
87869
87872
87887
87902
87903
87904
87905
87914
87928
87937
87968
87970
87974
88019
88022
88051
88053
88056
88067
88068
88069
88074
88086
88087
88095
88104
88107
88111
88124
88135
88149
88156
88157
88159
88176
88179
88184
88187
88190
88191
88223
88228
88245
88276
88284
88291
88292
88301
88317
88321
88325
88342
88342
88351
88365
88377
88401
88415
88423
88429
88430
88431
88433
88440
88453
88462
88506
88526
88526
88527
88533
88556
88558
88566
88567
88575
88579
88579
88585
88588
88590
88591
88607
88623
88633
88638
88642
88647
88652
88653
88657
88662
88692
88694
88696
88706
88707
88715
88718
88724
88727
88730
88744
88757
88761
88766
88768
88790
88812
88817
88818
88823
88826
88840
88850
88852
88868
88869
88892
88917
88918
88959
88964
88972
88973
88974
88975
88979
88984
89008
89008
89023
89035
89042
89049
89053
89073
89074
89097
89118
89119
89133
89137
89177
89189
89198
89213
89217
89219
89224
89232
89232
89242
89245
89275
89299
89347
89348
89349
89362
89364
89368
89368
89375
89389
89406
89413
89430
89433
89438
89443
89447
89449
89468
89475
89514
89516
89568
89573
89586
89586
89596
89598
89600
89607
89616
89618
89621
89624
89637
89640
89648
89656
89677
89696
89698
89700
89709
89712
89718
89723
89728
89759
89766
89776
89783
89816
89836
89849
89859
89863
89865
89871
89873
89873
89886
89925
89932
89941
89942
89943
89962
89967
89967
89971
89978
89979
89981
89990
89993
90000
90014
90017
90039
90048
90050
90059
90062
90070
90080
90087
90101
90103
90113
90115
90117
90124
90158
90169
90170
90175
90181
90192
90206
90207
90220
90220
90230
90230
90238
90245
90253
90268
90279
90296
90301
90312
90318
90332
90334
90337
90353
90364
90365
90368
90383
90392
90407
90415
90416
90460
90465
90472
90484
90511
90534
90546
90557
90565
90568
90591
90592
90606
90609
90609
90610
90617
90621
90635
90639
90660
90697
90704
90705
90744
90745
90747
90758
90763
90802
90811
90816
90825
90842
90849
90867
90894
90902
90918
90942
90956
90961
90966
90967
90968
90970
90979
90981
90983
90991
90992
90994
91016
91016
91022
91025
91027
91027
91034
91040
91042
91049
91056
91068
91077
91077
91082
91087
91121
91138
91139
91151
91157
91160
91161
91166
91184
91191
91191
91194
91199
91213
91220
91248
91281
91286
91287
91295
91302
91308
91335
91335
91337
91341
91371
91377
91380
91395
91421
91426
91431
91433
91459
91463
91470
91474
91514
91519
91541
91561
91576
91579
91588
91591
91609
91628
91636
91639
91670
91670
91675
91696
91710
91733
91736
91736
91742
91758
91773
91774
91783
91793
91806
91809
91813
91815
91821
91825
91838
91840
91842
91854
91860
91868
91871
91873
91878
91892
91896
91901
91902
91907
91947
91955
91962
91971
91981
91992
91993
91997
91997
92017
92024
92044
92046
92100
92106
92112
92126
92142
92144
92147
92154
92157
92157
92172
92175
92179
92180
92182
92193
92211
92211
92220
92220
92237
92241
92256
92260
92265
92293
92296
92305
92307
92310
92312
92332
92350
92355
92383
92391
92394
92396
92403
92408
92417
92433
92442
92445
92450
92452
92465
92480
92488
92497
92528
92529
92532
92559
92577
92585
92586
92594
92603
92609
92612
92615
92620
92646
92653
92658
92687
92712
92728
92749
92764
92768
92771
92788
92791
92812
92818
92823
92827
92828
92830
92843
92857
92880
92889
92893
92909
92914
92925
92943
92951
92952
92961
92967
92978
92984
92989
92994
93018
93034
93050
93054
93061
93085
93107
93113
93117
93122
93140
93152
93153
93181
93195
93199
93201
93205
93216
93218
93226
93230
93236
93269
93276
93284
93284
93286
93293
93297
93298
93302
93317
93324
93333
93334
93344
93365
93379
93380
93401
93404
93405
93420
93437
93445
93448
93449
93451
93467
93481
93490
93514
93514
93518
93531
93533
93533
93533
93553
93566
93576
93580
93583
93590
93601
93609
93610
93623
93623
93625
93639
93650
93655
93656
93659
93665
93670
93671
93680
93680
93691
93693
93714
93723
93729
93730
93734
93738
93745
93752
93766
93780
93788
93792
93798
93807
93810
93814
93835
93843
93861
93862
93864
93864
93881
93894
93910
93913
93913
93927
93937
93953
93956
93991
93995
94017
94043
94061
94076
94081
94092
94096
94097
94101
94105
94112
94113
94116
94118
94143
94152
94171
94202
94207
94218
94236
94239
94248
94249
94250
94252
94265
94270
94272
94278
94290
94305
94325
94339
94344
94353
94368
94407
94410
94414
94421
94424
94427
94428
94452
94465
94467
94472
94472
94508
94515
94548
94549
94555
94557
94558
94579
94579
94581
94590
94590
94595
94605
94613
94621
94670
94686
94700
94703
94709
94710
94721
94728
94732
94737
94747
94747
94757
94763
94766
94775
94776
94782
94805
94812
94817
94824
94829
94835
94840
94849
94859
94885
94891
94892
94920
94952
94956
94960
94965
94986
95007
95011
95022
95049
95065
95076
95082
95086
95107
95108
95108
95115
95132
95164
95171
95173
95198
95199
95200
95205
95214
95228
95240
95244
95256
95258
95260
95278
95289
95306
95325
95342
95346
95347
95352
95358
95360
95374
95377
95379
95417
95422
95427
95436
95438
95440
95443
95446
95447
95450
95465
95467
95470
95500
95504
95513
95522
95532
95539
95543
95548
95553
95557
95558
95562
95568
95576
95580
95584
95588
95646
95654
95672
95674
95713
95748
95759
95762
95770
95778
95779
95793
95795
95810
95821
95822
95837
95863
95863
95863
95871
95873
95875
95875
95880
95883
95898
95932
95939
95974
95985
95990
95998
96005
96009
96011
96018
96025
96034
96034
96047
96057
96070
96105
96107
96141
96143
96144
96148
96152
96159
96161
96194
96211
96211
96219
96225
96226
96243
96243
96262
96297
96307
96319
96326
96339
96342
96356
96382
96392
96395
96404
96409
96424
96434
96437
96438
96449
96467
96472
96475
96483
96494
96512
96513
96517
96543
96562
96564
96569
96571
96578
96579
96596
96598
96603
96613
96623
96631
96635
96639
96663
96671
96693
96696
96738
96739
96746
96764
96768
96771
96797
96804
96808
96825
96829
96846
96852
96858
96859
96867
96876
96887
96903
96922
96923
96927
96928
96933
96949
96950
96951
96956
96966
96978
96984
96995
97002
97003
97010
97036
97038
97073
97075
97076
97084
97086
97095
97100
97106
97109
97145
97159
97160
97162
97171
97191
97193
97212
97215
97224
97226
97227
97230
97234
97237
97239
97242
97250
97257
97278
97294
97304
97305
97311
97323
97346
97362
97366
97375
97412
97424
97431
97432
97465
97471
97473
97487
97501
97502
97508
97511
97528
97529
97533
97536
97540
97543
97546
97557
97558
97570
97584
97614
97628
97637
97640
97659
97661
97680
97689
97703
97710
97729
97753
97754
97763
97780
97784
97786
97792
97817
97819
97832
97840
97848
97868
97868
97876
97877
97878
97905
97907
97918
97924
97937
97948
97949
97957
97977
97981
97992
97996
98004
98009
98009
98011
98032
98041
98045
98047
98053
98082
98086
98091
98104
98110
98136
98156
98169
98174
98182
98198
98208
98209
98245
98255
98328
98343
98368
98376
98381
98382
98398
98415
98418
98420
98425
98434
98462
98463
98474
98485
98490
98496
98499
98500
98503
98508
98512
98519
98521
98528
98532
98547
98594
98637
98645
98649
98651
98654
98663
98664
98674
98688
98704
98710
98721
98721
98729
98746
98750
98756
98758
98782
98786
98803
98812
98836
98838
98843
98844
98846
98856
98861
98867
98894
98899
98902
98939
98939
98941
98948
98950
98954
98974
98977
98983
98989
98992
98998
99012
99020
99025
99038
99048
99058
99063
99069
99080
99088
99099
99103
99214
99220
99233
99237
99246
99249
99270
99270
99292
99295
99297
99311
99311
99315
99319
99330
99332
99350
99353
99354
99364
99367
99368
99385
99405
99410
99422
99432
99444
99447
99450
99452
99463
99468
99468
99477
99482
99487
99516
99516
99516
99526
99529
99536
99541
99557
99562
99574
99583
99583
99602
99604
99605
99612
99615
99653
99670
99672
99674
99692
99699
99700
99708
99710
99712
99721
99739
99742
99779
99787
99789
99793
99801
99811
99814
99828
99839
99853
99871
99877
99878
99903
99912
99932
99951
99961
99965
99972
99975
99995
99998
