69
15
34
35
8
18
21
28
26
13
24
75
77
69
77
82
12
89
4
17
31
79
58
72
13
27
97
18
10
68
22
43
36
28
19
57
82
7
57
52
8
75
43
17
32
27
14
37
19
9
4
90
61
2
80
82
95
70
35
79
49
42
81
20
11
11
71
16
58
20
14
42
68
20
42
24
61
77
60
16
41
21
5
92
43
15
11
85
89
78
76
8
49
35
99
54
52
24
75
11
58
10
78
98
65
67
53
4
13
13
95
78
53
24
13
84
27
23
58
68
50
15
63
69
81
71
12
54
81
83
47
86
15
96
19
41
40
14
34
33
34
90
71
12
55
48
50
95
59
77
18
80
27
36
2
52
65
18
5
71
98
20
63
26
86
75
4
51
64
36
71
64
33
49
57
18
65
55
86
80
49
17
13
53
23
87
7
99
49
77
13
46
52
43
19
93
45
58
29
64
65
48
85
47
19
53
12
27
88
3
59
63
91
39
26
63
67
2
31
36
20
0
48
35
94
4
98
13
30
69
87
15
1
51
80
32
46
23
24
44
58
46
97
28
31
9
29
21
14
62
14
21
84
6
82
45
77
23
45
52
43
89
9
25
41
18
20
6
80
22
90
81
47
25
58
52
31
4
82
55
21
52
83
77
76
43
40
49
57
39
12
36
66
45
15
94
35
51
76
81
67
3
77
45
22
72
36
93
17
50
18
35
88
58
64
84
4
32
97
95
57
22
7
0
34
94
57
93
55
3
94
9
93
60
57
53
12
75
52
21
87
26
96
15
82
81
35
79
52
64
41
23
25
50
69
5
98
71
84
47
37
26
64
3
64
72
22
73
84
30
26
94
8
25
53
40
32
45
17
48
32
75
45
48
62
44
35
25
32
56
15
36
43
96
99
29
2
68
45
92
99
48
2
22
55
82
43
9
41
50
29
85
96
22
40
70
44
96
49
69
7
74
42
63
32
49
70
9
9
26
97
91
29
35
27
49
6
2
16
59
89
87
45
84
77
56
66
95
42
75
99
94
6
12
90
69
38
92
87
46
75
6
58
46
29
54
26
57
72
12
55
58
33
98
3
7
21
14
63
72
69
19
53
43
79
3
93
89
65
47
68
48
38
43
21
32
63
80
27
31
25
8
9
93
5
33
88
77
21
35
76
64
12
52
18
16
61
94
90
20
90
4
50
43
64
45
45
34
4
58
50
72
24
75
93
1
72
22
56
55
5
35
84
57
24
48
55
37
96
81
22
30
77
89
60
23
84
49
58
60
27
5
62
43
91
60
71
86
71
23
63
39
77
99
71
76
80
6
68
38
80
69
75
63
53
36
56
5
54
70
64
9
13
39
81
67
69
59
19
55
69
6
12
87
53
51
65
33
77
26
85
96
36
1
60
10
42
42
84
87
17
16
16
50
26
89
85
38
38
13
9
29
99
49
4
85
10
13
31
19
34
55
73
78
34
14
17
52
73
63
13
47
95
0
85
55
89
55
95
0
22
14
86
44
9
25
27
15
70
27
84
95
72
83
6
3
33
11
94
88
74
91
75
36
35
9
75
31
7
1
58
87
37
69
2
83
97
98
85
32
10
37
1
21
70
84
90
57
53
25
80
71
56
82
34
94
17
72
78
71
75
19
72
17
95
86
47
51
70
12
1
84
95
90
96
32
41
91
13
7
98
71
10
93
32
8
29
81
89
96
47
38
82
0
59
16
48
93
47
39
62
90
45
96
39
58
59
1
61
4
9
50
96
13
89
61
73
13
69
70
99
82
81
98
59
46
8
94
20
67
57
17
89
74
19
46
0
74
49
59
53
15
5
88
71
68
67
28
48
97
10
11
7
29
0
37
67
19
87
34
47
56
45
67
80
31
28
8
32
81
91
32
69
0
80
47
59
3
2
82
52
35
48
6
1
97
77
71
77
53
87
88
57
75
60
61
63
36
95
21
49
0
56
53
90
39
39
61
53
98
21
67
18
49
78
94
29
79
43
85
42
42
42
20
42
16
68
56
1
39
86
45
69
25
68
93
72
32
85
72
23
90
53
18
21
53
34
63
55
66
26
83
65
83
14
47
35
7
28
60
70
38
35
92
30
11
95
2
94
39
32
75
30
66
29
35
54
52
70
17
63
35
3
97
55
60
16
16
22
41
73
85
56
14
43
70
98
4
94
25
16
99
86
78
70
19
41
68
12
63
47
61
85
12
20
98
79
78
0
94
52
54
5
94
12
99
54
35
79
16
8
25
0
90
48
82
95
80
37
87
