0
2
2
3
4
5
5
6
7
7
9
10
10
11
12
14
14
15
15
16
16
18
19
20
20
21
21
22
22
23
23
23
25
26
27
28
29
30
30
30
30
31
36
37
38
38
41
42
43
44
46
46
47
47
48
51
51
53
53
54
54
62
63
63
63
64
64
65
66
66
66
67
67
73
76
77
78
78
78
81
83
85
85
86
87
87
88
88
89
90
92
93
93
97
98
101
102
102
103
107
108
109
109
110
113
113
115
116
118
120
120
120
121
121
121
121
121
122
124
124
125
126
127
128
130
130
131
132
133
133
137
138
141
142
143
143
144
146
149
150
151
151
152
156
158
160
161
161
162
163
163
164
164
167
168
168
168
168
171
171
171
176
177
177
177
178
178
179
180
181
182
185
185
186
187
187
188
189
189
189
190
191
191
191
192
192
192
197
197
198
198
199
200
200
201
202
204
205
206
207
208
211
211
213
217
217
218
218
220
220
221
224
225
225
226
226
227
230
231
231
231
231
232
233
233
233
235
238
238
242
242
242
242
243
243
244
245
245
246
246
247
248
249
250
250
250
252
252
253
253
254
254
254
255
256
257
257
258
259
259
260
261
262
262
263
265
266
268
269
270
271
271
274
274
274
274
276
277
277
278
278
278
280
280
281
281
282
282
284
286
288
289
290
290
290
291
291
291
292
292
293
294
296
297
298
298
299
299
300
303
304
304
304
305
305
306
306
307
309
310
310
310
310
311
311
311
312
313
313
314
315
315
316
317
317
319
319
321
322
323
324
324
324
325
328
329
330
330
332
334
334
334
334
335
340
340
340
341
341
342
343
343
344
346
347
347
347
349
350
351
351
353
353
354
354
356
357
361
361
362
362
366
367
369
369
369
369
369
369
371
371
371
371
372
372
372
373
374
375
376
377
378
378
380
381
381
383
384
384
384
385
385
386
386
387
389
391
392
393
394
395
397
399
402
402
404
404
406
406
406
407
408
408
408
409
409
410
412
414
415
415
415
415
416
416
418
418
418
418
419
420
421
421
421
427
427
427
427
429
429
430
433
434
434
435
437
437
438
439
441
441
441
442
443
445
445
445
448
449
449
450
455
456
456
458
458
458
459
460
460
461
461
461
462
462
464
464
466
466
467
467
467
469
469
470
471
472
473
473
473
474
475
475
478
478
479
480
481
481
482
482
485
485
486
486
486
486
487
488
489
489
490
491
492
492
492
493
494
495
495
495
496
496
496
498
498
500
500
502
502
503
503
503
507
508
508
509
510
510
510
510
510
515
516
517
517
520
521
521
521
523
523
524
524
527
527
527
528
528
529
529
531
531
532
532
533
534
535
537
537
538
538
538
538
539
539
542
543
543
544
544
547
547
547
548
549
549
552
552
552
554
555
556
558
559
559
559
559
560
560
561
563
564
564
566
567
568
569
569
569
570
570
571
571
572
573
574
574
576
577
577
580
581
582
582
583
584
584
584
585
588
588
588
588
590
591
591
591
594
594
595
595
598
598
599
599
602
602
603
603
604
606
606
607
609
609
610
610
612
613
614
617
618
618
619
620
620
621
622
622
622
622
622
622
623
625
626
626
627
628
628
629
630
632
635
636
636
636
636
636
638
641
644
647
647
649
651
651
651
654
655
655
656
657
658
659
660
662
664
666
667
668
669
669
671
672
673
673
675
675
676
676
678
679
679
680
680
680
681
683
684
684
684
685
685
686
686
689
690
690
692
694
694
695
696
697
698
699
699
699
702
704
704
705
706
707
707
710
710
711
712
712
713
713
714
714
715
718
719
719
720
722
722
722
722
724
726
727
729
730
730
731
731
732
735
735
736
737
738
740
740
741
743
743
745
746
746
747
747
749
749
750
753
755
757
758
759
760
762
762
763
765
765
765
765
767
768
769
769
770
771
771
772
772
772
773
776
777
778
779
780
780
781
781
781
783
783
785
786
787
787
789
789
789
790
791
792
793
793
793
794
794
796
797
798
798
798
799
800
800
802
802
804
806
808
812
813
814
816
817
817
818
818
819
819
819
819
821
821
822
824
825
826
827
827
828
828
829
829
831
833
834
835
836
836
837
838
840
840
841
841
843
845
845
845
846
847
849
851
851
852
852
852
853
853
854
855
856
856
858
858
860
861
862
863
863
864
864
864
865
866
868
868
868
869
869
869
871
874
877
878
879
879
880
881
882
886
888
888
889
890
891
891
893
893
893
893
894
895
896
897
898
898
902
902
903
903
903
903
904
905
905
906
908
909
910
911
911
911
911
912
913
913
913
913
915
915
915
917
917
918
918
919
920
921
921
923
924
925
931
931
933
933
933
934
936
937
937
937
937
938
938
940
940
940
940
941
941
942
943
944
945
945
945
946
947
949
949
950
953
954
955
957
958
961
962
962
963
965
965
968
969
970
970
971
974
975
975
976
977
978
978
979
980
980
980
980
981
981
981
983
984
986
986
986
988
990
991
992
993
994
995
995
996
996
997
997
998
999
999
