692
247
949
421
482
858
584
598
456
87
168
202
421
391
963
678
980
918
250
994
559
644
168
373
381
158
836
577
404
496
253
891
434
306
853
561
941
772
230
64
995
783
617
760
43
834
694
118
802
606
502
15
722
14
188
548
389
270
762
831
455
503
271
343
377
291
510
259
178
668
802
161
824
588
685
378
220
664
64
292
940
310
893
595
322
200
488
781
793
980
124
912
647
97
393
819
542
544
291
622
245
620
783
38
740
944
46
889
101
372
492
962
461
516
770
794
625
781
999
684
598
547
781
458
825
300
552
769
77
955
594
246
618
771
329
507
554
800
769
618
976
171
102
853
986
818
362
312
269
713
5
284
743
705
683
704
767
243
127
614
480
66
189
719
189
954
980
940
87
720
274
986
386
344
722
937
510
909
785
449
768
137
527
706
304
353
800
30
534
467
402
445
78
975
177
261
698
23
765
532
567
277
869
660
231
695
197
945
37
641
747
226
864
560
472
225
198
278
961
281
986
743
133
163
913
911
585
957
910
877
151
448
613
192
462
636
324
917
538
466
789
306
628
485
984
242
324
486
141
710
714
531
528
28
445
36
893
22
347
529
467
185
558
315
869
584
496
310
427
461
797
23
439
588
847
384
707
828
231
981
168
115
975
818
250
181
485
931
63
880
385
543
846
38
791
26
868
544
416
30
257
980
427
317
473
715
849
694
15
898
462
673
4
962
171
537
245
54
945
325
307
281
840
722
395
369
493
481
654
412
354
160
915
509
303
816
919
651
486
547
759
991
852
495
636
727
819
580
262
460
749
278
404
740
940
822
470
765
340
915
878
503
233
793
571
685
349
564
549
248
666
995
31
143
85
915
93
30
539
903
231
266
198
649
406
471
656
680
492
806
921
950
304
879
971
988
294
702
713
508
757
253
456
250
362
486
262
729
835
851
911
478
549
741
207
819
254
997
121
274
855
521
334
571
249
46
274
588
481
903
840
933
726
0
581
317
510
529
298
996
289
226
659
789
357
712
20
999
992
361
772
394
636
937
313
657
965
874
891
343
14
689
669
594
978
523
949
375
718
276
205
128
651
191
786
489
441
47
130
515
943
864
843
482
520
107
710
314
311
845
217
121
443
299
508
888
149
547
108
612
638
898
371
67
126
278
41
765
495
7
372
745
304
559
466
496
925
2
23
2
780
244
186
780
826
438
330
667
340
309
86
328
602
191
905
199
893
778
812
277
10
731
582
669
286
808
543
311
121
699
722
351
47
555
680
861
361
16
313
918
787
595
510
911
902
120
626
369
53
913
983
469
917
376
20
500
142
200
676
772
182
192
714
635
933
494
120
913
563
260
591
854
5
218
113
197
958
16
346
92
354
893
53
841
54
257
707
434
923
747
238
233
882
280
371
602
945
441
334
171
227
167
296
679
254
406
459
758
310
699
814
341
7
819
755
429
552
122
934
675
474
621
793
524
719
532
242
18
712
911
486
879
415
636
622
836
347
274
464
407
330
366
817
408
9
599
566
78
630
192
521
282
622
473
888
735
51
42
610
845
517
430
51
609
746
696
623
458
144
924
491
851
574
340
655
464
771
109
487
255
502
790
177
164
732
461
81
856
489
798
263
503
21
88
498
517
479
6
478
293
208
319
777
990
798
242
604
610
905
433
437
435
323
817
969
445
384
628
862
290
860
347
590
414
676
619
607
176
500
98
552
609
560
622
246
588
206
427
213
490
265
583
418
680
73
220
773
776
189
569
116
569
498
221
290
316
29
225
606
356
380
65
408
913
475
191
838
473
827
83
125
651
132
763
259
298
371
531
833
450
383
938
535
10
510
409
527
821
724
152
187
151
163
406
538
369
30
908
397
297
63
711
256
162
673
537
124
179
871
827
130
102
131
577
970
559
603
290
121
799
150
66
449
564
821
437
178
903
804
418
662
569
671
794
387
858
937
765
233
632
936
399
675
737
789
371
282
310
895
620
997
636
559
252
965
863
374
27
837
828
218
686
62
852
319
321
48
385
19
442
190
886
658
76
968
63
416
684
475
946
749
572
78
280
410
138
11
868
386
852
22
231
787
762
369
350
460
679
941
89
521
845
574
792
697
381
622
427
528
904
441
686
121
469
920
568
779
224
495
591
533
315
681
626
252
699
211
67
896
921
942
894
415
931
254
738
217
103
735
603
523
3
232
353
527
44
903
736
120
161
292
573
731
524
730
258
384
429
392
351
369
938
933
85
978
798
146
576
238
996
369
408
746
201
291
796
458
684
864
940
