4209
8724
3057
4635
9241
7632
2570
1423
7129
4329
5513
5418
6935
2797
9073
1869
5606
6637
733
1209
3865
2999
3929
7186
8966
52
7501
3247
4133
3226
5300
768
8567
8847
8555
4140
5652
1083
7300
5974
8572
1432
794
1788
1487
9817
1615
1884
6105
2868
5874
5891
3349
7053
9580
1988
3858
9233
7353
3441
2707
5852
7267
7464
6911
1943
9914
1581
7721
4081
1825
5968
9483
8553
2946
1115
2427
6805
2289
3883
3584
6850
253
7032
1405
8601
8019
1922
7771
1418
8285
6442
9158
8696
2488
8202
1742
65
5139
8706
7549
4312
1203
2576
7464
7456
4627
91
2783
9367
4169
4956
4798
8524
932
5306
9782
6031
8417
8961
6
6996
1133
4525
6002
7012
7125
1497
1798
7712
7849
4174
6836
5570
9407
6090
8521
930
8547
4447
3470
6081
4540
7493
3145
278
3354
4094
2548
931
5756
5731
4901
9155
4542
4512
765
8082
175
7560
9821
9401
9024
2150
6385
8916
1944
8162
5248
930
757
3965
8668
1496
2478
2793
2596
6403
2292
3495
2457
8184
5062
3854
2110
6201
7891
5013
6824
6263
7689
2941
1637
6399
1661
9022
3033
4402
7172
5277
9107
6820
2318
3830
302
3329
1650
9420
99
3447
3908
5146
2828
8372
9028
1589
9972
8413
3504
9056
8746
1383
3257
939
2051
1622
8403
2649
6383
8720
133
7981
1300
3645
2913
5809
6967
5566
158
1074
9466
7062
1584
4123
8367
3481
4473
7340
3818
8656
6313
7430
8500
7606
3473
1382
4764
2067
1142
8796
1080
722
8048
2168
9497
1440
3906
1040
5612
1316
5460
1087
1021
9878
6635
7997
6103
1277
3947
711
5750
7672
8339
6459
765
1064
5206
7123
2738
8457
2650
5499
9959
2044
2665
8128
5045
8226
517
2776
5905
6151
6473
6312
8144
4792
3610
4869
7975
274
9004
234
6506
8409
4145
8387
4518
8897
8796
9892
7195
5949
2068
7450
3425
882
1556
7883
2379
6742
6143
7100
5465
6475
4400
2223
6871
370
5888
9367
8931
7965
385
2298
4220
6086
295
9713
1014
3413
8327
5583
9754
8530
8775
7372
777
999
6404
6637
689
401
4979
8993
2377
5811
4255
6602
502
2471
6929
5862
464
3170
1630
2282
2687
5427
5786
4970
8991
8600
7146
775
4018
7180
7287
1877
4116
2129
6462
8040
6010
2854
4901
4619
3028
2469
7000
7948
1042
6092
7105
6951
8578
5413
6070
1357
4503
5380
2701
1153
7077
9869
9386
4096
441
4432
7017
9850
6774
8994
886
2641
1930
2313
8649
2477
8303
2291
9680
3417
3757
6404
5365
6318
9084
4650
9023
5497
4791
4782
3508
2060
6269
8042
5915
6942
3330
2689
3999
1663
9986
8336
3536
141
9781
3135
3508
5500
4029
9267
5227
5141
9388
6099
9184
9694
5571
3557
651
8386
8853
5381
9395
7052
7707
1969
8049
1861
5600
6244
6415
8216
1260
2669
176
2943
6622
7563
4697
9180
723
3927
6605
5125
5955
3006
3942
6556
922
1114
4847
9242
2164
396
8767
5960
7826
9992
2991
7594
8505
6108
7613
5272
6393
2862
8265
4586
6235
2034
2668
8752
1364
421
4281
1355
5510
7656
5052
8028
2582
8620
8911
3606
4296
7735
8795
8530
5158
8145
7979
5296
9920
4078
5755
9508
6013
4871
1856
5700
8847
2695
7890
781
8213
559
6276
8717
1306
2758
6805
7409
8538
1729
4654
6331
4373
7803
4299
3535
5452
5441
615
8714
5849
5837
3551
8912
235
7868
7193
9425
2110
1022
9406
9079
4265
1130
8706
9358
6257
171
5861
8672
9755
6539
9361
4828
5855
9611
8739
4322
1144
6844
3447
2030
4135
3421
2845
6783
8792
9361
1656
9763
9868
3116
7236
7857
3621
7114
7143
8802
8304
4124
8624
3116
9805
8192
5468
9933
7322
8779
5368
7664
7261
5894
145
5167
6800
2131
5639
7254
2919
5354
9760
8592
8525
7332
3273
1920
140
4643
9414
573
5180
8284
6091
5755
1762
818
4691
2562
6362
9248
4957
9869
6400
2451
9559
3122
7287
9506
931
1705
1772
4667
2502
1946
9317
7355
7647
5847
9603
7161
7333
7507
8775
8383
6105
2558
8657
7158
8042
7855
5683
4173
1927
3613
9060
6439
7743
2889
6464
3342
4324
6827
1549
183
6462
4839
200
7252
3596
3052
8270
9439
3510
5097
9863
8442
9566
2028
364
1424
6772
7945
2457
1479
7864
8259
350
6581
2443
4282
703
3532
5214
1569
5483
4260
844
5482
5274
3859
6164
7345
480
4795
1694
2594
1470
3616
2158
1271
8519
1828
3670
7618
1648
6705
5334
1843
4881
2563
15
9287
6824
4831
8646
3150
9261
8356
4276
7095
8415
205
1977
3562
765
3807
4896
6961
850
1109
30
8164
7879
8118
5284
496
7980
1456
965
4787
7906
3939
7649
6262
4783
2508
1087
9127
948
1292
6713
6418
5387
7077
8273
700
5946
1777
9746
8236
6453
5006
1937
6263
7584
8906
978
5270
7425
3735
7751
7973
180
4235
8819
9018
2504
4326
7229
1360
6343
3617
4880
4272
3811
8464
415
7627
4443
7555
2278
5030
8909
111
4395
1203
629
2931
900
2456
2740
8346
9474
3374
9068
7325
7706
2503
5751
946
6117
1437
8024
4245
4573
4708
7017
6081
424
2379
163
9354
3601
2260
3356
7818
8833
797
5947
9303
9149
5930
5815
126
7033
2817
1485
5358
8730
8914
6624
5363
3833
8817
5099
6733
4612
801
4818
7644
8462
3903
2663
3819
5239
7384
7672
7478
3382
264
581
6265
2082
5664
431
886
4192
1059
7676
5314
6807
3101
9671
8877
9167
1505
4901
9837
6024
1613
1938
2470
8167
8332
4586
7352
2331
7800
9348
8708
8686
4681
7176
7868
1943
8079
7232
9190
7948
6056
4125
4269
2724
6526
8513
6229
8411
256
6441
5689
7214
9563
9582
5410
342
3237
9969
8134
6771
390
1779
1098
1053
4932
4263
7541
2799
4889
5583
2899
1008
835
3651
9907
6534
632
1024
782
7855
8963
5564
7796
6250
736
