6
13
15
30
52
65
91
99
111
126
133
140
141
145
158
163
171
175
176
180
183
200
205
214
230
234
235
247
253
256
264
274
278
295
302
342
350
364
369
370
385
385
390
396
401
415
421
424
431
441
464
480
496
501
502
517
559
570
573
581
582
605
615
629
632
651
689
700
703
711
722
723
733
736
757
765
765
765
768
775
777
781
782
794
797
801
818
835
844
850
882
886
886
900
922
930
930
931
931
932
939
942
946
948
965
978
999
1008
1014
1021
1022
1024
1040
1042
1053
1059
1064
1074
1080
1083
1087
1087
1098
1109
1114
1115
1130
1133
1142
1144
1153
1187
1203
1203
1209
1260
1264
1271
1277
1292
1300
1306
1316
1355
1357
1360
1364
1382
1383
1405
1418
1423
1424
1432
1432
1437
1440
1451
1456
1470
1479
1485
1487
1496
1497
1505
1549
1556
1569
1581
1584
1589
1601
1613
1615
1622
1630
1637
1644
1648
1650
1656
1661
1663
1694
1705
1729
1742
1762
1765
1772
1777
1779
1780
1788
1796
1798
1819
1825
1828
1843
1856
1861
1869
1877
1884
1920
1922
1927
1930
1937
1938
1943
1943
1944
1946
1969
1977
1988
2022
2028
2030
2034
2044
2051
2060
2067
2068
2082
2110
2110
2114
2129
2131
2150
2158
2164
2168
2169
2223
2231
2260
2278
2282
2289
2291
2292
2298
2313
2318
2330
2331
2377
2379
2379
2427
2443
2451
2456
2457
2457
2461
2462
2469
2470
2471
2477
2478
2488
2502
2503
2504
2508
2527
2548
2558
2562
2563
2570
2576
2582
2594
2596
2641
2644
2649
2650
2663
2665
2668
2669
2687
2689
2695
2701
2707
2724
2730
2738
2740
2758
2776
2783
2793
2797
2799
2817
2828
2845
2854
2862
2868
2889
2899
2913
2919
2931
2941
2943
2946
2991
2999
3006
3028
3033
3046
3052
3057
3080
3082
3101
3116
3116
3122
3135
3145
3150
3162
3170
3220
3226
3237
3247
3254
3257
3273
3329
3330
3342
3349
3353
3354
3356
3357
3359
3374
3382
3413
3417
3421
3425
3441
3447
3447
3470
3473
3481
3495
3504
3508
3508
3510
3532
3535
3536
3551
3557
3562
3584
3596
3601
3606
3610
3613
3616
3617
3621
3645
3651
3670
3735
3740
3743
3757
3807
3811
3818
3819
3830
3833
3854
3858
3859
3865
3883
3903
3906
3908
3925
3927
3929
3939
3942
3947
3965
3967
3999
4018
4027
4029
4078
4081
4094
4096
4096
4116
4123
4124
4125
4133
4135
4140
4145
4169
4173
4174
4192
4209
4220
4235
4245
4255
4260
4263
4265
4269
4272
4276
4281
4282
4296
4299
4310
4312
4322
4324
4326
4329
4373
4395
4400
4402
4432
4434
4443
4447
4473
4494
4503
4508
4512
4518
4525
4540
4542
4573
4586
4586
4612
4619
4627
4635
4643
4650
4654
4667
4681
4691
4697
4708
4764
4777
4782
4783
4787
4791
4792
4795
4798
4818
4828
4831
4839
4847
4869
4871
4880
4881
4889
4896
4900
4901
4901
4901
4932
4956
4957
4970
4973
4979
4988
5006
5013
5030
5045
5052
5062
5070
5097
5099
5125
5139
5141
5146
5158
5167
5180
5206
5214
5227
5239
5248
5270
5272
5274
5277
5284
5296
5300
5306
5306
5314
5334
5354
5358
5363
5365
5368
5380
5380
5381
5387
5410
5413
5418
5427
5441
5452
5460
5465
5468
5482
5483
5497
5499
5500
5510
5513
5564
5566
5570
5571
5575
5583
5583
5600
5606
5612
5639
5652
5664
5683
5689
5700
5731
5750
5751
5755
5755
5756
5786
5809
5811
5815
5837
5847
5849
5852
5855
5861
5862
5874
5888
5891
5894
5905
5915
5930
5945
5946
5947
5949
5955
5960
5968
5974
5977
5978
5983
6002
6010
6013
6024
6031
6056
6063
6070
6081
6081
6086
6090
6091
6092
6099
6103
6105
6105
6108
6117
6141
6143
6151
6164
6201
6229
6235
6244
6250
6257
6262
6263
6263
6265
6269
6276
6312
6313
6318
6331
6343
6362
6383
6385
6393
6399
6400
6403
6404
6404
6415
6418
6439
6441
6442
6453
6459
6462
6462
6464
6473
6475
6483
6486
6490
6506
6526
6534
6539
6556
6581
6602
6605
6622
6624
6635
6637
6637
6705
6713
6733
6742
6763
6771
6772
6774
6783
6800
6805
6805
6807
6820
6824
6824
6827
6836
6844
6850
6871
6911
6925
6929
6932
6935
6942
6951
6961
6967
6996
7000
7012
7017
7017
7032
7033
7052
7053
7062
7077
7077
7095
7100
7105
7114
7123
7125
7129
7143
7146
7158
7161
7172
7176
7180
7186
7193
7195
7214
7229
7232
7236
7252
7254
7261
7267
7282
7287
7287
7297
7300
7322
7325
7332
7333
7340
7345
7347
7352
7353
7355
7372
7384
7409
7425
7430
7450
7456
7464
7464
7478
7478
7479
7493
7501
7507
7541
7549
7555
7560
7563
7574
7584
7594
7606
7613
7613
7618
7627
7632
7635
7644
7647
7649
7656
7664
7672
7672
7676
7689
7706
7707
7712
7721
7735
7743
7751
7771
7796
7800
7803
7818
7826
7849
7855
7855
7857
7864
7868
7868
7879
7883
7890
7891
7906
7917
7918
7945
7948
7948
7965
7973
7975
7979
7980
7981
7997
8006
8008
8019
8024
8028
8040
8042
8042
8048
8049
8079
8082
8115
8118
8127
8128
8134
8144
8145
8162
8164
8167
8184
8192
8202
8213
8216
8226
8236
8259
8265
8270
8273
8284
8285
8299
8303
8304
8327
8332
8336
8339
8346
8356
8367
8372
8383
8386
8387
8403
8409
8411
8413
8415
8417
8442
8457
8462
8464
8500
8505
8513
8519
8521
8524
8525
8530
8530
8538
8547
8553
8555
8567
8572
8578
8592
8600
8601
8620
8624
8646
8649
8656
8657
8668
8672
8686
8696
8706
8706
8708
8714
8717
8720
8724
8730
8739
8746
8750
8752
8767
8775
8775
8777
8779
8792
8795
8796
8796
8802
8817
8819
8833
8847
8847
8853
8877
8897
8906
8909
8911
8912
8914
8916
8931
8958
8961
8963
8966
8991
8993
8994
9004
9018
9022
9023
9024
9028
9056
9060
9068
9073
9074
9079
9083
9084
9107
9127
9128
9149
9155
9158
9167
9180
9180
9184
9190
9212
9233
9241
9242
9248
9261
9267
9287
9303
9317
9321
9348
9354
9358
9361
9361
9367
9367
9386
9388
9395
9401
9406
9407
9414
9420
9425
9439
9466
9474
9483
9497
9502
9506
9508
9546
9559
9563
9566
9580
9582
9603
9611
9671
9680
9694
9713
9746
9754
9755
9760
9763
9780
9781
9782
9805
9817
9821
9837
9850
9859
9863
9868
9869
9869
9878
9892
9907
9914
9920
9933
9959
9968
9969
9970
9972
9986
9992
