48698
21985
35651
60867
23261
64314
20336
24062
3796
99896
58815
43761
73393
4669
13077
6947
4902
23786
43502
93269
89109
83167
23314
96086
58995
92798
8688
25301
59160
2286
1850
77745
35110
60059
5116
52173
49940
26203
35962
18079
26326
27692
17637
99239
19818
19480
37785
45885
58561
29594
45974
24739
97863
81115
65017
70393
66034
64405
65495
4272
69027
83385
42709
86838
33500
86283
42695
6512
98687
70219
11779
39846
37406
37743
71489
94423
13156
75019
29170
37102
82910
65747
51257
72908
43240
84343
53610
99269
98096
60685
25214
68839
60873
76973
30064
33908
82223
15893
85207
28785
