1850
2286
3796
4272
4669
4902
5116
6512
6947
8688
11779
13077
13156
15893
17637
18079
19480
19818
20336
21985
23261
23314
23786
24062
24739
25214
25301
26203
26326
27692
28785
29170
29594
30064
33500
33908
35110
35651
35962
37102
37406
37743
37785
39846
42695
42709
43240
43502
43761
45885
45974
48698
49940
51257
52173
53610
58561
58815
58995
59160
60059
60685
60867
60873
64314
64405
65017
65495
65747
66034
68839
69027
70219
70393
71489
72908
73393
75019
76973
77745
81115
82223
82910
83167
83385
84343
85207
86283
86838
89109
92798
93269
94423
96086
97863
98096
98687
99239
99269
99896
