36
131
276
514
712
803
957
968
1118
1337
1447
1526
1793
1850
1917
1942
2041
2047
2165
2195
2195
2286
2364
2446
2457
2556
2589
3012
3088
3092
3241
3272
3367
3434
3442
3696
3750
3796
3859
4025
4067
4157
4272
4379
4418
4644
4669
4902
4935
5116
5274
5400
5667
5895
5896
5920
5929
6044
6258
6447
6512
6862
6947
7023
7075
7096
7161
7329
7357
7491
7977
8008
8374
8619
8637
8688
8921
8940
9033
9060
9068
9204
9220
9265
9272
9298
9324
9461
9578
9710
9850
10259
10434
10504
10505
10589
10788
10813
11018
11081
11143
11151
11190
11199
11554
11595
11779
11951
12009
12114
12163
12269
12301
12414
12545
12581
12796
12982
13028
13077
13156
13215
13296
13332
13428
13549
13566
13567
13786
13878
13885
13990
14004
14026
14056
14058
14337
14357
14488
14491
14692
14693
14741
14764
14785
14829
14838
14912
15045
15191
15215
15407
15492
15546
15693
15746
15893
15905
16172
16506
17069
17129
17186
17351
17472
17592
17637
17658
17775
17796
17958
17986
18079
18107
18243
18251
18323
18336
18363
18601
18650
19127
19279
19295
19381
19407
19480
19547
19665
19682
19714
19818
19941
20336
20418
20430
20472
20506
20549
20608
20671
20747
20772
20792
20925
21073
21082
21089
21141
21189
21204
21224
21310
21389
21477
21522
21653
21687
21868
21917
21985
22074
22107
22157
22185
22197
22472
22475
22553
22639
22692
22747
22801
22806
22819
22845
23004
23140
23178
23225
23261
23314
23403
23570
23786
23812
23962
24058
24062
24137
24221
24345
24493
24618
24654
24658
24739
24776
24805
24841
24844
25214
25277
25301
25458
25688
25754
25934
26187
26203
26317
26326
26451
26456
26552
26561
26637
26689
26719
26735
26750
26902
26995
27161
27363
27604
27649
27670
27692
27720
27740
27792
27802
27834
27986
28062
28072
28362
28458
28466
28474
28498
28567
28593
28752
28785
28846
28853
28907
28961
29071
29099
29170
29326
29349
29389
29397
29469
29491
29512
29543
29573
29594
29623
29692
29783
29951
30064
30411
30548
30641
30684
30717
30733
30786
30802
30811
30827
31228
31306
31461
31514
31566
31673
31699
31807
31970
32069
32213
32345
32353
32355
32453
32596
32644
32752
32849
32926
32941
33144
33160
33316
33394
33500
33562
33562
33598
33638
33690
33742
33786
33903
33908
33970
34135
34141
34155
34163
34244
34258
34333
34339
34384
34395
34459
34741
34852
34935
35088
35110
35112
35362
35454
35505
35651
35687
35710
35962
35970
36138
36315
36349
36391
36409
36475
36491
36728
36823
36835
36880
36918
36955
36979
37086
37102
37265
37406
37543
37549
37556
37579
37633
37694
37743
37785
38038
38170
38322
38428
38625
38794
38813
38860
38919
38981
38994
39136
39306
39479
39487
39611
39846
39874
39950
40072
40116
40163
40201
40243
40267
40413
40480
40501
40560
40633
40636
40671
40694
40843
40874
40892
40941
40999
41208
41306
41341
41364
41485
41585
41822
41886
42036
42226
42253
42345
42399
42695
42706
42709
42715
42715
42838
42870
42893
42958
43240
43465
43497
43502
43674
43761
43903
43988
44032
44123
44128
44175
44306
44337
44386
44465
44665
44728
44765
44796
44821
44827
44938
45160
45167
45268
45302
45553
45684
45739
45885
45899
45911
45974
45985
46072
46093
46266
46343
46494
46575
46635
46638
46707
46825
46870
46945
46982
47035
47191
47212
47286
47324
47359
47543
47971
48144
48187
48231
48362
48413
48414
48456
48615
48634
48698
48704
48782
49154
49219
49288
49313
49462
49536
49674
49780
49798
49904
49912
49940
50070
50195
50369
50965
51010
51048
51150
51171
51257
51296
51320
51362
51430
51867
51989
52043
52156
52171
52173
52247
52321
52375
52409
52459
52482
52507
52528
52534
52780
52904
52961
53007
53080
53328
53419
53420
53503
53526
53570
53610
53835
53893
54001
54053
54196
54242
54266
54313
54460
54637
54642
54690
54791
54902
54939
54954
55188
55207
55357
55548
55640
55660
55918
56048
56216
56217
56245
56261
56314
56443
56525
56526
56532
56784
57198
57201
57215
57323
57461
57518
57598
57829
57836
57871
57958
58118
58334
58490
58561
58701
58803
58815
58995
59159
59160
59267
59330
59394
59533
59736
59766
60059
60077
60134
60191
60550
60569
60600
60685
60763
60779
60802
60806
60867
60873
60892
61219
61244
61369
61416
61438
61618
61657
61683
61971
61988
62078
62113
62371
62417
62472
62603
62961
62991
62997
63007
63151
63244
63404
63558
63662
64143
64314
64395
64405
64465
64548
64591
64700
64846
64855
64995
65017
65090
65139
65309
65371
65495
65543
65586
65589
65747
65899
65970
65992
66034
66144
66189
66395
66412
66487
66559
66685
66749
66883
67079
67102
67185
67262
67358
67433
67468
67510
67547
67874
67943
68076
68102
68117
68209
68279
68296
68344
68375
68434
68472
68526
68544
68655
68713
68733
68830
68839
69027
69029
69145
69365
69490
69497
69547
69620
69636
69710
69958
69995
70082
70219
70301
70350
70380
70393
70418
70460
70507
70511
70589
70723
70820
70846
71043
71067
71201
71335
71370
71485
71489
71599
71667
71912
72145
72170
72223
72242
72247
72465
72560
72577
72722
72840
72881
72908
72909
72986
73143
73188
73241
73261
73269
73293
73304
73305
73393
73397
73409
73469
73675
73688
74176
74207
74230
74329
74652
75019
75128
75311
75394
75422
75439
75520
75541
75550
75715
75720
75779
75809
75858
75912
76048
76147
76238
76448
76923
76973
76996
76997
77118
77197
77600
77727
77745
77760
77826
77832
77933
78049
78058
78090
78097
78105
78131
78155
78180
78325
78343
78416
78441
78598
78698
78997
79146
79232
79293
79295
79370
79612
79759
79956
80382
80487
80574
80615
80635
80706
80850
80874
80917
80925
81006
81115
81138
81296
81387
81406
81465
81489
81520
81690
81818
81934
82033
82115
82223
82316
82364
82386
82390
82468
82481
82547
82694
82910
83167
83243
83385
83604
83803
84080
84083
84261
84312
84336
84343
84461
84475
84654
84716
84737
84901
84961
85011
85070
85154
85207
85270
85298
85625
85760
85762
86082
86145
86258
86283
86504
86781
86818
86838
87172
87220
87224
87419
87455
87491
87516
87634
87662
87712
87786
87957
88139
88147
88155
88170
88279
88384
88512
88580
88665
88698
88723
89032
89109
89119
89332
89627
89672
90112
90245
90444
90501
90506
91168
91191
91284
91454
91663
91852
92065
92146
92254
92260
92264
92268
92284
92415
92427
92556
92569
92743
92747
92798
92939
93027
93152
93226
93269
93288
93302
93312
93355
93454
93641
93652
93816
93874
93924
94111
94113
94227
94340
94365
94423
94533
94864
94906
94959
95036
95112
95210
95237
95246
95312
95361
95416
95480
95532
95564
95627
95652
95863
95948
95982
96020
96035
96086
96155
96216
96225
96300
96359
96372
96609
96855
96872
96972
96991
97018
97167
97198
97269
97404
97777
97790
97792
97863
97900
97940
98033
98096
98239
98620
98687
98782
98819
98907
99076
99239
99269
99652
99727
99774
99787
99885
99896
99960
99962
