320830
834242
998602
841536
832532
617967
873556
582917
901732
250042
224974
681629
865227
160561
482835
250130
333624
701567
565463
984343
915726
957862
521120
920141
552226
252892
863893
13234
702943
554175
20015
741543
693257
474357
266060
80284
919006
355940
645282
993882
683800
842443
763216
345452
826256
623099
374288
132139
386493
907254
755017
137509
628057
930594
662337
66217
272868
876394
148720
952306
96962
425842
16752
19438
260415
624692
440464
165161
96179
287484
367239
456731
989377
565692
59205
65226
82681
946317
999973
229789
112989
335555
22015
831935
439425
666603
634139
710764
135627
951332
674880
945115
797978
337111
914410
434760
649028
571220
762649
82525
