13234
16752
19438
20015
22015
59205
65226
66217
80284
82525
82681
96179
96962
112989
132139
135627
137509
148720
160561
165161
224974
229789
250042
250130
252892
260415
266060
272868
287484
320830
333624
335555
337111
345452
355940
367239
374288
386493
425842
434760
439425
440464
456731
474357
482835
521120
552226
554175
565463
565692
571220
582917
617967
623099
624692
628057
634139
645282
649028
662337
666603
674880
681629
683800
693257
701567
702943
710764
741543
755017
762649
763216
797978
826256
831935
832532
834242
841536
842443
863893
865227
873556
876394
901732
907254
914410
915726
919006
920141
930594
945115
946317
951332
952306
957862
984343
989377
993882
998602
999973
