1157
3397
3902
4069
5081
5355
5422
7077
7904
8722
10791
10846
11796
13186
13234
15731
16443
16627
16752
17467
19200
19438
20015
20929
21141
22015
23314
23861
24920
25070
25156
26265
26706
26828
28654
30035
30448
31440
31550
33413
33670
36135
36568
36749
38562
39160
39255
39645
40301
40402
40425
42633
45616
45790
46255
46768
46873
46980
47169
47322
47832
48073
48575
50906
51067
51934
52414
52896
53345
53568
54398
55295
55828
56055
56934
57673
58199
58279
59205
60466
60546
60624
62442
62652
63356
63563
65226
65389
65600
66217
66959
67474
68512
68570
70663
70761
72901
72935
72944
75972
76460
78115
78301
78554
80023
80147
80241
80284
81390
82426
82525
82681
82695
82872
84413
87646
88217
90735
93002
93719
94939
96043
96069
96179
96807
96962
97608
98267
99952
101842
104020
104752
105303
105837
106434
106510
106603
109136
109800
109906
110159
111299
112732
112989
114431
115591
118103
118740
119067
122234
122570
123808
125231
128296
128542
128790
129132
131390
132139
132267
132411
133229
133513
135498
135627
137456
137509
138149
138339
138793
139123
140438
140544
141407
142212
142432
142710
144135
145110
146261
147796
148133
148563
148720
150221
151167
151766
152220
154964
155075
155386
156757
157369
157901
158696
158857
159230
160187
160561
161795
163128
163968
164757
165161
165485
166532
168790
169565
171284
172496
173369
173629
173901
173907
176526
177943
178492
180173
180611
182279
184065
185287
185804
186009
188158
188211
189403
189716
190266
190906
191191
192900
195034
195219
196364
196988
198418
199315
199835
200681
201938
203495
203572
203863
204075
205139
205323
205447
206036
206930
207995
212269
212398
214120
214264
217770
218060
218713
219233
219534
219721
221518
221759
222609
223119
224974
226333
226465
227690
229789
230641
232062
232865
233895
235195
235413
235467
235833
236385
237950
240807
242807
244147
244330
245014
245747
248030
249334
249421
250042
250130
250152
251421
252086
252372
252892
252976
253466
253786
253976
254833
255628
256059
256796
256835
259200
259434
259480
259671
260415
260769
260997
261540
262118
263018
263685
263780
263971
265401
266060
268549
269933
270276
270813
272868
273246
274363
275588
277642
278316
279699
280282
280443
282235
283672
284255
287089
287484
290548
292666
293596
295859
296310
299143
299658
299953
300267
300633
300863
301363
304322
304517
304930
305066
305926
305989
306413
307461
308387
309171
310042
310569
311130
311299
311455
311648
312258
312587
314092
314139
314447
314965
317858
320830
322021
323969
324256
324623
325656
325834
328714
330474
330916
331489
332229
332524
332589
332910
333624
335555
337074
337111
338719
340441
341332
341508
341686
343435
344148
344326
345148
345452
346101
346430
347235
347770
348827
349184
349515
349637
350415
351552
354142
354958
355035
355324
355815
355940
357001
357372
357696
360795
361085
361370
361766
361962
362166
362883
364899
367239
367951
369213
370976
372223
373924
374108
374288
374990
375011
377572
377954
378023
379109
379155
381202
382271
383149
383735
383925
384273
384857
385236
385797
386348
386493
386803
387121
388912
389303
391090
392085
392414
392894
393553
393773
394916
395021
396058
396988
397503
398857
400647
401025
401126
405183
405945
407913
408190
411060
411456
412844
414800
415448
415639
415691
419340
419380
419812
420617
423859
424433
425465
425598
425842
426671
429463
429667
429673
432363
432582
432952
433249
433885
434760
435006
435027
437864
439141
439425
439591
440464
440561
441097
441613
441665
441678
442651
443471
443609
444048
444634
444835
445573
445689
447426
447710
448837
449037
449809
450513
450633
451333
452116
453144
453519
454648
454912
456731
457017
457723
457995
459466
459808
462998
463255
464065
465284
468596
468789
468833
469364
469506
470050
470448
470628
470702
473117
473545
473646
474357
475383
479860
480125
480440
481096
482835
483497
483557
486304
488976
491068
492277
492763
493387
493506
494140
494815
494990
496551
497782
497785
499192
499322
500307
500686
502034
508501
509927
510162
511059
512940
516104
517265
520114
520130
520441
520992
521120
522044
522201
522566
522618
523406
524757
524891
524995
526365
527374
528705
529090
533448
533967
535054
536512
538688
538969
539331
540390
542850
542905
543487
544426
545177
546482
546502
548779
548797
550121
550509
552204
552226
552341
553441
554175
554826
555118
555478
556314
556545
557025
560971
561073
561674
562449
562531
562836
565463
565668
565692
571126
571220
571670
574079
574114
574443
574849
576946
578656
579377
582917
584443
587714
591584
592409
592995
594440
596128
596762
597467
597595
597655
599318
601156
601757
602179
602237
602613
602625
604015
604531
605287
606652
606993
607001
607164
608439
609441
610635
612149
613929
614466
614486
614572
617967
620780
621637
621777
623099
623267
623803
624692
624814
624982
625925
626069
626424
627140
627188
627409
628057
628548
630456
632778
633642
633854
634130
634139
634574
634807
636250
638686
640387
641318
642129
643756
644221
644993
645282
645444
645549
646868
647422
647824
649028
649131
649433
653890
656279
659776
660388
660995
662337
664030
664473
664575
665371
666603
666647
667572
667781
674880
676784
677469
679639
680082
680778
681629
681707
683800
684385
685649
686249
686684
688329
689744
692739
693224
693257
694398
694429
694859
696740
697329
698723
699585
700618
701567
702202
702425
702630
702943
703399
703705
704117
704610
705479
707370
709542
710764
711007
714705
715254
717255
718982
721006
721946
722094
723023
723245
723555
730510
730800
730827
732342
733064
733541
733734
734482
734538
736703
736858
736865
739000
739095
739607
739838
741197
741543
742162
745520
746183
747143
747232
747626
749593
750988
752141
752423
753290
755017
756484
757866
758666
758706
761294
762649
762894
763216
766918
767287
767525
768127
768616
769027
770398
772072
772289
772923
773553
774190
774341
774881
777437
777929
778549
779083
779655
780599
781786
782588
782856
786511
786694
786786
786892
787283
787328
789495
789720
790534
790961
791035
791664
792962
793172
795113
795494
797070
797978
798381
799279
804456
805300
806931
808879
809430
813293
813461
815255
816028
816500
818356
820191
820574
820823
821236
821819
821872
823209
826256
826855
827362
827842
828439
829397
829513
831354
831456
831935
832532
833652
833996
834242
834479
834627
835588
836570
836645
837764
841440
841536
842092
842101
842443
842509
844030
844271
845268
846413
846449
847159
847248
847958
848688
850873
850955
853102
856330
856852
857864
858353
858506
858767
858864
860467
861860
861993
862201
862952
862973
863100
863830
863893
863972
864170
865227
867720
868246
870645
873556
873636
874136
875338
876394
876618
879870
880160
880733
881687
882233
882518
883356
883860
884920
886099
887505
888402
889269
891606
892059
892142
892204
892993
893318
893724
894038
894774
894849
895101
895203
895939
896592
897293
898945
899335
899762
899820
900391
901732
901859
903167
905266
905888
906823
907254
907848
911173
911826
913636
913672
914410
914856
915320
915368
915669
915726
916955
917265
917916
918325
918913
919006
920141
920967
921235
921957
922443
924115
925218
927362
929121
930244
930594
930761
931891
932425
935661
937320
937514
938985
939676
940396
941221
941807
941856
944782
945115
945362
946317
947721
948562
948702
951332
952306
952515
952677
952742
953975
954739
955048
956154
956653
957862
960248
960396
960525
960809
963402
964567
968312
968435
968515
970086
975728
976588
979787
980996
981759
981949
984343
984379
985249
986251
987997
988064
989243
989377
989559
989834
991441
993020
993807
993882
994813
996320
997134
998602
999036
999045
999973
