780599
858506
432582
62652
351552
347235
858353
940396
864170
82426
813461
473117
903167
499322
895101
340441
263018
341332
137456
561674
607164
256796
907848
827362
960525
898945
553441
217770
282235
439591
892204
548779
500686
444835
138339
386803
782588
945362
203863
142212
205447
168790
767525
494815
341508
212398
70663
772072
480440
440561
893318
296310
189403
826855
523406
542905
435006
980996
47322
857864
516104
106434
221518
705479
893724
596762
592995
905266
820823
392414
863100
913672
602613
252086
325656
571670
500307
468789
609441
948702
367951
93719
929121
733541
779083
384857
385236
894038
714705
842101
874136
245014
172496
445689
357696
322021
349637
834627
947721
393773
23861
597467
873636
574443
882518
133229
520114
953975
180173
684385
106510
790961
40402
443609
895939
734538
697329
546502
447710
76460
613929
605287
820191
717255
242807
520992
932425
862201
723245
188211
300633
664473
584443
39645
787283
468833
314447
453519
634807
612149
545177
82695
511059
562836
72935
343435
576946
50906
745520
827842
391090
799279
314092
426671
968435
847248
988064
694859
899820
960248
915320
548797
597655
62442
196364
39160
419340
664030
385797
287089
614572
305926
607001
606652
468596
821819
254833
312258
230641
450633
512940
774881
502034
189716
173629
459808
702425
4069
791664
36749
842092
146261
554826
732342
533448
104020
173901
53568
524757
140438
721946
203495
452116
816028
299953
680082
411060
195034
21141
948562
837764
758666
63563
767287
835588
897293
454912
324623
206036
235833
277642
196988
730510
660995
746183
773553
834479
325834
304930
133513
848688
52414
833652
640387
301363
204075
790534
273246
522201
795494
918325
249421
470448
109906
5422
656279
753290
786511
749593
110159
429673
894849
279699
259434
145110
454648
205139
447426
444048
20929
892142
952742
38562
481096
492277
360795
150221
914856
345148
203572
483557
562449
362166
158857
630456
829397
357372
429463
128296
443471
386348
816500
68570
99952
624814
798381
400647
693224
8722
54398
252976
956653
626069
383149
28654
937514
769027
155075
703399
906823
497782
158696
677469
627409
396988
636250
905888
779655
863830
357001
377572
787328
987997
173907
40301
457723
538688
463255
262118
96069
250152
432952
634130
528705
999036
676784
253466
259671
349184
176526
275588
494140
259480
634574
621637
218713
681707
921235
269933
916955
623267
968515
259200
462998
109136
574079
7077
555478
643756
480125
82872
166532
405945
268549
522618
60466
747143
192900
915368
161795
26706
488976
861993
347770
144135
497785
311648
526365
509927
867720
377954
445573
1157
191191
464065
305989
310569
960396
299143
778549
964567
419380
237950
253786
960809
499192
332524
244147
186009
346430
433885
308387
892059
248030
415448
142710
752423
397503
860467
621777
154964
441678
539331
17467
52896
736858
5355
653890
26828
993807
915669
415691
394916
527374
405183
122234
777437
148133
935661
956154
58199
388912
981949
40425
184065
610635
39255
429667
524891
899762
13186
305066
118103
739000
171284
46255
649433
68512
304322
664575
354142
883356
508501
441613
884920
324256
879870
253976
789495
736865
411456
214264
470628
90735
850955
560971
900391
278316
550121
571126
733064
955048
991441
556314
734482
199835
280282
164757
80147
361085
688329
546482
918913
786694
312587
332910
475383
602237
188158
109800
374108
543487
407913
861860
565668
223119
255628
772923
104752
252372
924115
901859
606993
604531
696740
881687
747626
441097
105303
698723
423859
263685
3397
762894
444634
260769
157369
364899
601156
984379
930244
770398
80241
55828
306413
975728
994813
261540
451333
125231
927362
739095
80023
51934
119067
437864
694398
845268
627140
703705
206930
349515
880733
786892
155386
115591
752141
602625
941221
941856
692739
105837
856852
470702
36568
139123
350415
517265
60624
699585
389303
78554
163968
299658
160187
396058
420617
355035
138149
332229
469506
270813
750988
892993
290548
56934
412844
384273
392894
51067
23314
538969
46873
970086
561073
449037
715254
45616
806931
190906
628548
355324
200681
579377
797070
19200
952515
730827
65600
596128
442651
128542
93002
795113
205323
989243
226333
96807
311455
747232
911826
263971
307461
644993
544426
993020
985249
722094
858864
7904
862973
578656
256059
804456
87646
702630
533967
535054
424433
496551
723555
493387
863972
199315
232062
917265
198418
106603
274363
925218
614486
823209
96043
976588
47169
185804
88217
574849
641318
756484
214120
739607
201938
383735
26265
453144
592409
721006
70761
182279
979787
841440
679639
72944
344326
283672
311299
244330
921957
72901
758706
813293
809430
10846
853102
680778
989834
46768
986251
457995
999045
33413
75972
36135
314965
15731
180611
574114
338719
408190
151167
736703
147796
132267
536512
895203
362883
704610
31550
782856
48073
159230
233895
310042
562531
383925
140544
387121
660388
141407
375011
129132
587714
379109
540390
733734
328714
899335
939676
47832
667572
219721
704117
922443
642129
791035
441665
163128
370976
913636
888402
633854
772289
856330
3902
425598
323969
433249
524995
891606
435027
997134
718982
425465
880160
868246
469364
768616
346101
862952
57673
66959
98267
256835
808879
131390
270276
774341
647422
520130
331489
381202
470050
142432
887505
601757
311130
550509
309171
847958
694429
157901
917916
821872
415639
766918
373924
395021
393553
659776
492763
930761
81390
94939
781786
591584
222609
645549
245747
84413
112732
828439
875338
123808
883860
792962
369213
330474
486304
16443
114431
594440
730800
138793
493506
702202
280443
10791
742162
300863
996320
542850
221759
711007
473646
689744
295859
793172
768127
300267
317858
151766
372223
473545
45790
60546
700618
173369
122570
361766
931891
491068
355815
649131
786786
844030
632778
831456
235413
30448
25070
284255
920967
111299
709542
638686
212269
614466
432363
11796
251421
552204
886099
667781
963402
165485
78115
620780
707370
5081
207995
625925
968312
465284
844271
479860
392085
232865
989559
156757
459466
818356
178492
236385
937320
624982
510162
265401
449809
911173
260997
67474
723023
439141
833996
739838
219233
815255
348827
148563
177943
889269
646868
292666
30035
58279
169565
599318
941807
836645
218060
219534
644221
829513
48575
457017
686249
858767
398857
952677
132411
65389
185287
645444
850873
42633
896592
627188
938985
293596
876618
361962
821236
53345
836570
190266
240807
882233
16627
448837
101842
820574
31440
382271
195219
529090
63356
665371
332589
602179
761294
128790
450513
846413
954739
78301
55295
842509
263780
152220
522566
944782
894774
419812
378023
846449
414800
626424
789720
741197
341686
870645
330916
226465
46980
314139
604015
337074
56055
522044
24920
33670
401126
981759
608439
623803
374990
685649
304517
25156
135498
757866
597595
401025
557025
847159
379155
235195
831354
483497
235467
520441
633642
361370
97608
556545
774190
666647
249334
555118
805300
494990
354958
227690
344148
552341
647824
777929
686684
118740
